13.58229828,48.96982574
13.58190823,48.96998596
13.58012486,48.97072601
13.57756424,48.97037125
13.57589149,48.97013855
13.57577324,48.96977615
13.57511425,48.96776581
13.5749712,48.96733093
13.57275677,48.96606827
13.5715971,48.966259
13.56914043,48.96665573
13.56845093,48.96734619
13.56682777,48.96897125
13.5632515,48.97048569
13.55706787,48.96709442
13.55127621,48.96760941
13.54978943,48.96734238
13.5480299,48.96688843
13.54348755,48.96826935
13.54261684,48.96895599
13.53733921,48.97248077
13.53692245,48.97346115
13.53363323,48.97396469
13.53220749,48.97401047
13.52923679,48.97410202
13.5224371,48.97166061
13.52057934,48.97084045
13.51586151,48.96875381
13.51015949,48.96897125
13.5070734,48.96908569
13.5073452,48.96733856
13.50762939,48.96551132
13.50635719,48.96282196
13.50627613,48.96240234
13.50591564,48.96099854
13.50582027,48.96056747
13.50652695,48.95521164
13.50788879,48.95185089
13.50827885,48.95088959
13.50805378,48.94827652
13.50781918,48.9455452
13.5078392,48.94540405
13.50816154,48.94309235
13.50825787,48.94216537
13.5065794,48.94197845
13.50317574,48.94202423
13.50252151,48.94203186
13.50202179,48.94203568
13.49906826,48.94116211
13.49643326,48.94130325
13.49562168,48.94134521
13.49224567,48.94309998
13.49047565,48.94430161
13.49013424,48.9445343
13.48908043,48.94506073
13.48757076,48.94581604
13.48610973,48.9468956
13.48553181,48.94764328
13.48443413,48.94813919
13.48427582,48.94843674
13.48369598,48.94953156
13.48355198,48.95126343
13.48134613,48.95159912
13.47977257,48.95183945
13.47846889,48.95259857
13.47762585,48.95309067
13.47598743,48.95314789
13.47456741,48.95335007
13.47309875,48.9535675
13.47136116,48.95413589
13.46936798,48.95435715
13.46712399,48.95556259
13.46698284,48.95563889
13.46588516,48.95662689
13.4653635,48.9570961
13.46268749,48.95893097
13.46150208,48.96055603
13.46017551,48.96220398
13.45949078,48.96261215
13.45930672,48.96265793
13.45815182,48.96295166
13.4567852,48.96307373
13.45422363,48.96305466
13.45203686,48.96349335
13.45039082,48.96402359
13.44982719,48.96435928
13.44946861,48.96457291
13.44913006,48.96524048
13.44751644,48.96530151
13.44522285,48.9655571
13.44305801,48.96580124
13.44103813,48.96683884
13.43932152,48.96822739
13.43787956,48.96920013
13.43772888,48.96930313
13.43366909,48.97166061
13.43281651,48.97191238
13.43202496,48.97210693
13.43053055,48.97211838
13.42947865,48.97211075
13.42731476,48.9720993
13.42618847,48.97250366
13.42557621,48.973629
13.42557526,48.97491837
13.42461014,48.97727203
13.42297459,48.97801208
13.42138577,48.97873306
13.41755104,48.97951889
13.41665173,48.98003387
13.41612148,48.98031616
13.41471958,48.98106003
13.4071703,48.98507309
13.40608978,48.98564911
13.40289593,48.98734283
13.40274715,48.98875046
13.40223503,48.99365997
13.402174,48.99423981
13.40359497,48.99605942
13.40457535,48.99731827
13.4092741,49.00306702
13.40840244,49.00728226
13.4070282,49.00854111
13.4050808,49.00937653
13.40251446,49.01084518
13.40093613,49.01350403
13.40029335,49.01623917
13.40037918,49.0163765
13.40142918,49.01944351
13.40146446,49.02006531
13.40180397,49.02090073
13.40257454,49.02145767
13.40471935,49.02183533
13.40561295,49.02227783
13.40585518,49.02365112
13.40467167,49.02443695
13.40305614,49.02648544
13.40219688,49.03017807
13.40112209,49.03371048
13.39944935,49.0354805
13.39968395,49.03703308
13.3962822,49.03952408
13.39536381,49.03970718
13.39457035,49.03974915
13.39259911,49.04066086
13.39199257,49.04173279
13.39200878,49.04201126
13.39219475,49.04256821
13.39285946,49.04295731
13.39390564,49.0432663
13.39588833,49.04378891
13.39684391,49.04430389
13.39733791,49.04483414
13.39784813,49.04605103
13.39797115,49.04682541
13.39801216,49.04836273
13.39791679,49.04891968
13.39737415,49.05057144
13.39714718,49.05101013
13.39421082,49.05266953
13.393466,49.05310822
13.39225674,49.0543251
13.38976765,49.05306244
13.38823128,49.0526886
13.38624001,49.05289841
13.38483906,49.05627823
13.38359928,49.05733109
13.38260078,49.05749893
13.38085556,49.0571022
13.37888336,49.05696487
13.37784672,49.05738449
13.37702847,49.05794144
13.37587738,49.0583992
13.37459278,49.06019211
13.3747015,49.06225967
13.37396526,49.06331253
13.37296867,49.06409836
13.37225151,49.06549835
13.37164688,49.06617355
13.37011337,49.06779861
13.36828232,49.06787109
13.36716652,49.06938171
13.36462879,49.06944275
13.36400795,49.06906509
13.3631897,49.07024002
13.36199951,49.07155609
13.36012077,49.07267761
13.35801125,49.07377243
13.35634899,49.07572556
13.35572815,49.07633591
13.35521221,49.07780838
13.35490513,49.07834625
13.35428429,49.0788765
13.35318184,49.07936096
13.35198402,49.0797081
13.35074234,49.08005142
13.34984589,49.08033371
13.34908009,49.08063889
13.34815025,49.08108902
13.34727097,49.08168411
13.34647942,49.08227539
13.3461628,49.082798
13.34612083,49.08357239
13.34620285,49.0842247
13.34647274,49.0851059
13.34646416,49.0857048
13.34603691,49.08657455
13.3457613,49.08706665
13.34519482,49.08779526
13.34466934,49.08846664
13.34395695,49.08894348
13.34293175,49.08925247
13.34178257,49.08959579
13.34105301,49.08987427
13.33981037,49.09017181
13.3395195,49.09031677
13.33914471,49.09072113
13.33899307,49.09109497
13.33849812,49.09156799
13.33813095,49.09197617
13.33781147,49.09246826
13.337183,49.09288788
13.33663654,49.09321594
13.33588505,49.09374619
13.33516121,49.09402466
13.33413696,49.09436417
13.3328104,49.09474182
13.3317852,49.09508133
13.33075809,49.0953064
13.33045006,49.09531403
13.32967663,49.09547806
13.32873726,49.09578705
13.32780075,49.09615326
13.32695675,49.09660339
13.326334,49.09710312
13.32622337,49.09729767
13.32598305,49.09777069
13.32575226,49.09832001
13.32536411,49.09912872
13.32480145,49.09994888
13.32438278,49.10031891
13.3237896,49.10058975
13.32252884,49.1009407
13.32134056,49.10124969
13.31961155,49.10170746
13.31771374,49.1034584
13.317029,49.10406113
13.31640911,49.10426331
13.31547928,49.10437012
13.3126936,49.10447693
13.31084728,49.10555267
13.3086834,49.10681534
13.30536747,49.1087532
13.30277252,49.11026764
13.30043411,49.11162949
13.29986477,49.11198044
13.29290295,49.11629486
13.28918839,49.11863327
13.28816986,49.11889648
13.28432751,49.11991119
13.28236485,49.12047195
13.27635956,49.12047958
13.27377796,49.12005234
13.26925182,49.11927414
13.26634216,49.11883163
13.26359558,49.11870956
13.26297665,49.11866379
13.26158714,49.1184845
13.25976181,49.11829376
13.2593565,49.11824036
13.2570982,49.11794662
13.25536442,49.1176033
13.24416256,49.11523056
13.24183846,49.11474609
13.23855782,49.11406326
13.23636436,49.11359406
13.23594761,49.11373138
13.2330904,49.11460114
13.23023224,49.1154747
13.22780609,49.11621475
13.21971321,49.11859131
13.21673012,49.11943817
13.21332741,49.12038422
13.21151924,49.12088013
13.20950413,49.12143707
13.20856094,49.12169647
13.20565033,49.12212753
13.20451069,49.12275314
13.20077229,49.12504578
13.19716835,49.12715912
13.19592476,49.12790298
13.19405937,49.12895966
13.19149303,49.13041306
13.18954182,49.13132477
13.18279171,49.13447952
13.18028355,49.13650894
13.17870808,49.13782501
13.17344666,49.14213181
13.17103291,49.14360428
13.17032146,49.14403915
13.17231846,49.14819717
13.17289639,49.14923096
13.17306995,49.15019608
13.17364883,49.15339661
13.17382431,49.15436554
13.17391205,49.15484619
13.17383289,49.15520096
13.17401409,49.1565094
13.17423153,49.15714645
13.1754427,49.15935516
13.17646408,49.16140366
13.17671013,49.16189575
13.17677307,49.16304016
13.17687511,49.16422653
13.17633057,49.16552734
13.17586899,49.16637039
13.17504501,49.16853333
13.17412949,49.17036438
13.17182446,49.17273712
13.17168999,49.17287445
13.17090797,49.17358017
13.17025089,49.17393875
13.1679163,49.17375946
13.16552258,49.17382813
13.16443825,49.17420197
13.16311455,49.17433929
13.1619482,49.17461014
13.16189384,49.17462158
13.16092014,49.17542267
13.15970325,49.17646027
13.15918064,49.17690659
13.15673256,49.1783638
13.15434456,49.17964935
13.15426636,49.17969131
13.15262413,49.1805191
13.15248966,49.18058777
13.1505127,49.18159103
13.14870644,49.1819725
13.14717293,49.18380737
13.14682674,49.18469238
13.14669609,49.18506622
13.1466732,49.18513107
13.14439583,49.18672943
13.14394665,49.18704605
13.14328384,49.18748474
13.14216614,49.18888092
13.14133072,49.18992615
13.13904476,49.19030762
13.13738441,49.19058609
13.13471413,49.19291687
13.13269234,49.19468307
13.13140965,49.19551468
13.12933636,49.19685745
13.12841225,49.19702911
13.12805557,49.19709396
13.12645435,49.19704819
13.12484837,49.19725037
13.12349892,49.19716263
13.12294197,49.19781113
13.12247372,49.19835281
13.11912823,49.19906998
13.11728001,49.19906998
13.11711407,49.19920349
13.11522198,49.20072556
13.11163902,49.20227432
13.11004257,49.20314026
13.10997009,49.20317841
13.10995674,49.20495224
13.11124516,49.20819855
13.11292458,49.20926666
13.11418343,49.21273041
13.11433506,49.21417618
13.11462593,49.21472931
13.11441326,49.2159462
13.11448479,49.21726608
13.11449337,49.21743011
13.11444092,49.21757126
13.11412239,49.21842957
13.11374569,49.21870041
13.11305809,49.2191925
13.11082268,49.21940613
13.11037159,49.2194519
13.10928535,49.2208252
13.10705948,49.22100067
13.10632229,49.22105789
13.10539913,49.22155762
13.1048975,49.22237015
13.10437584,49.22241211
13.10369492,49.22255707
13.10293102,49.22271729
13.10195065,49.22315979
13.1013031,49.22366714
13.09977055,49.22376251
13.09836769,49.22385025
13.09709072,49.22443771
13.09399223,49.22505188
13.09111214,49.22629929
13.08993721,49.22681046
13.08884907,49.22727585
13.08663368,49.22898102
13.08605003,49.22941208
13.08605671,49.22987747
13.08681679,49.23037338
13.08847809,49.23112106
13.08882809,49.23225403
13.08883572,49.23333359
13.08885956,49.23412704
13.08883667,49.23472214
13.08864975,49.23556519
13.08832836,49.23701859
13.08746338,49.23831558
13.08721638,49.23940659
13.08699703,49.24037933
13.08618259,49.24134445
13.08550739,49.24227905
13.08370018,49.24478149
13.0833292,49.24529648
13.08242989,49.24604034
13.08076191,49.24741745
13.07974529,49.24747849
13.07882786,49.24733353
13.07789612,49.24692535
13.07712841,49.24684906
13.07626534,49.24703598
13.07546902,49.24710083
13.07469082,49.2468338
13.07361889,49.24652481
13.07263565,49.24649811
13.07199287,49.2467308
13.07141685,49.24683762
13.07015419,49.24703217
13.06928253,49.24705124
13.06864262,49.24732971
13.06823063,49.24779129
13.06819057,49.24841309
13.06801224,49.24915314
13.06778145,49.2496109
13.06720924,49.24979019
13.06669617,49.24970627
13.06608486,49.24983978
13.06558323,49.24999619
13.06488419,49.2498436
13.06411457,49.24974442
13.06342697,49.24980545
13.06252003,49.24985123
13.06143665,49.24999619
13.06079197,49.25019836
13.06008625,49.25059891
13.05901146,49.25159836
13.05835533,49.25225449
13.05782413,49.2532196
13.05772495,49.25408173
13.05776596,49.25486374
13.05769825,49.25563049
13.05736828,49.25627899
13.05699825,49.25683594
13.05695915,49.25748062
13.05699062,49.2580719
13.05745506,49.25858688
13.05777645,49.25915146
13.05805969,49.25969315
13.05831337,49.26020813
13.05760098,49.26084518
13.05714321,49.26146317
13.05680561,49.26197052
13.05657101,49.26268005
13.05630875,49.26323318
13.05586433,49.26376724
13.05518532,49.26400757
13.05461216,49.26416397
13.05379868,49.26426697
13.05285835,49.26438141
13.05230618,49.26459885
13.05183125,49.26490402
13.05084896,49.26491547
13.04995918,49.26493454
13.04937077,49.26448441
13.04891872,49.26418686
13.04806519,49.2638855
13.04715252,49.26366043
13.04656601,49.26374054
13.04593277,49.26381302
13.04480839,49.2638855
13.04405594,49.26409531
13.04310036,49.2649498
13.04040337,49.264534
13.03601742,49.26474762
13.03389645,49.26390457
13.03285408,49.26657104
13.03090382,49.26896667
13.02850056,49.27350235
13.02566338,49.27891922
13.02659225,49.28053284
13.02750778,49.28209305
13.0283432,49.28358459
13.02973461,49.28602982
13.02993488,49.28638458
13.03061771,49.28759384
13.03065586,49.28852463
13.03069687,49.28961563
13.03074646,49.29107285
13.03060532,49.29260635
13.03007984,49.29833984
13.02998543,49.29937363
13.02973557,49.30103683
13.02933216,49.30368805
13.029109,49.30434799
13.02564144,49.30457306
13.02396774,49.30490875
13.02182579,49.30500031
13.01959991,49.30473328
13.01383209,49.30513763
13.01374054,49.30514145
13.01055622,49.30531693
13.00757313,49.30599594
13.00775623,49.30650711
13.00755882,49.30708694
13.00675869,49.30703735
13.0054884,49.30730057
13.00559044,49.30793762
13.00529003,49.30847549
13.00519085,49.30873108
13.00506973,49.30957031
13.00483036,49.31026077
13.0046463,49.31110764
13.00432396,49.31179428
13.00389385,49.31227112
13.00335503,49.31253815
13.00264645,49.31268311
13.00218678,49.31315994
13.00199699,49.31353378
13.00160217,49.31397247
13.00119877,49.31425476
13.00072479,49.31432343
13.00030804,49.31433105
12.99969769,49.31463623
12.99931526,49.31474304
12.99875069,49.31477737
12.99832535,49.31494904
12.99813652,49.31502533
12.99756241,49.31544495
12.99730873,49.31574249
12.99709034,49.31612015
12.99647903,49.31642532
12.99610424,49.31666946
12.99570942,49.31710434
12.99508858,49.31721878
12.99443722,49.31731033
12.99382782,49.31763458
12.99342823,49.31799316
12.99311733,49.3183136
12.9928627,49.31859207
12.99240112,49.31889343
12.9918766,49.31912231
12.99129105,49.31934738
12.99082756,49.31961441
12.99081326,49.31990433
12.9908905,49.32025528
12.99078846,49.32058716
12.99052811,49.32073212
12.99009037,49.3209343
12.98983955,49.3212738
12.98982906,49.32164383
12.98951149,49.32184601
12.98904896,49.3221283
12.98897648,49.32246017
12.98892879,49.32269669
12.98867321,49.32293701
12.98866177,49.32328796
12.98867893,49.32361984
12.98836613,49.32391739
12.98121929,49.32699966
12.98029232,49.32754898
12.97644806,49.32981491
12.97593689,49.33039856
12.97568035,49.33068848
12.9740696,49.33235931
12.97259521,49.33388901
12.96972275,49.33473969
12.96749687,49.33567429
12.96686935,49.33557129
12.96511555,49.33612442
12.96389675,49.33709335
12.96187115,49.33682632
12.95986176,49.33686829
12.95837021,49.33662033
12.95528316,49.33927155
12.9533329,49.34059143
12.9499712,49.3428688
12.94891834,49.34283066
12.94788647,49.3427887
12.94593143,49.34361649
12.94434261,49.34392929
12.94295883,49.34420013
12.94189072,49.34378433
12.94152355,49.34281158
12.9387207,49.34213257
12.93736362,49.34280396
12.93640995,49.34269333
12.93582535,49.34262848
12.9352951,49.34285355
12.93245506,49.34405899
12.93067551,49.34457779
12.9290123,49.34483719
12.9274435,49.3448143
12.9252243,49.3446312
12.91990185,49.34344101
12.91412544,49.34470749
12.91187286,49.346035
12.91079998,49.34666824
12.90950108,49.34693527
12.90657234,49.34846878
12.90325165,49.34914017
12.9024992,49.34903717
12.90166855,49.34956741
12.90061665,49.34967422
12.89845943,49.34917068
12.89619541,49.34895325
12.89188766,49.35004807
12.8904314,49.3500824
12.89003468,49.35052872
12.88872051,49.35086823
12.8875246,49.35063171
12.88604832,49.35099411
12.884655,49.35043716
12.88023758,49.3505249
12.88010502,49.3486824
12.8801012,49.34844208
12.88009834,49.3482666
12.88011837,49.34785461
12.88018799,49.34757996
12.88049889,49.34690094
12.88091183,49.34619904
12.88100433,49.3459816
12.88100433,49.34569931
12.88099003,49.34541321
12.88087845,49.34428024
12.88087177,49.34386826
12.88091373,49.34359741
12.88099003,49.34346771
12.88112164,49.34334946
12.88141346,49.3431282
12.88173485,49.34292984
12.88188171,49.34284592
12.88217831,49.34270477
12.88223171,49.34267807
12.88242054,49.34260178
12.88282871,49.34250259
12.88298988,49.34241867
12.88313675,49.34231567
12.88325405,49.34218979
12.8833437,49.34206009
12.88349628,49.3418045
12.88378716,49.34127808
12.88416958,49.34091949
12.88450909,49.34068298
12.8849678,49.34046173
12.88533497,49.34018707
12.88549328,49.33977509
12.88559437,49.33950806
12.88587379,49.33921432
12.88620567,49.33882523
12.88632774,49.3383255
12.88630486,49.33786392
12.88640213,49.33745956
12.88676929,49.33718491
12.88698673,49.33683395
12.88690853,49.33643341
12.88685989,49.33605194
12.88708401,49.33583832
12.8872118,49.33534622
12.88733578,49.33508301
12.88750172,49.33481598
12.8879385,49.33417892
12.88890076,49.33304214
12.88802338,49.33288193
12.88692284,49.33230209
12.88419533,49.33285522
12.87934589,49.33296967
12.8768177,49.33237839
12.87119102,49.33443451
12.86853504,49.33560562
12.86721706,49.33619308
12.86655617,49.33648682
12.86410999,49.33720016
12.85915089,49.33886337
12.85709095,49.33926392
12.855937,49.33876801
12.85347939,49.33808136
12.85016155,49.34090042
12.84906292,49.34182739
12.84793091,49.34430695
12.8433342,49.34522247
12.8434515,49.34341049
12.84300232,49.34240341
12.84030819,49.34223557
12.83860683,49.34144592
12.83703899,49.34071732
12.83582878,49.34080505
12.83154869,49.3411026
12.82925892,49.34105682
12.82672977,49.34085083
12.82322884,49.34106445
12.81950378,49.34128952
12.81867123,49.34134293
12.81382751,49.34113312
12.8127327,49.34108734
12.8092432,49.3415947
12.80641365,49.34200668
12.80253601,49.34156418
12.80069733,49.34199905
12.7985096,49.34251404
12.79545403,49.34323502
12.78860283,49.34469604
12.78628635,49.34539795
12.78061199,49.34743881
12.7788105,49.34807968
12.77864838,49.35520172
12.77970505,49.35615158
12.78052235,49.35689163
12.78234005,49.35924149
12.78138065,49.36032104
12.77715874,49.36392975
12.77193928,49.36475754
12.76926804,49.36518097
12.76838303,49.36532211
12.76385498,49.3695755
12.75947094,49.37386703
12.75808907,49.37518692
12.76030636,49.38053894
12.76112556,49.38251495
12.75931549,49.3888588
12.75913334,49.38949585
12.7576313,49.39475632
12.75559139,49.39601135
12.75483036,49.39655685
12.74940777,49.3998642
12.74667835,49.40153122
12.74230576,49.40419769
12.73746777,49.40714645
12.73294544,49.40990448
12.73241997,49.41002274
12.7294054,49.41069794
12.72657299,49.41133499
12.72331905,49.41206741
12.71897221,49.41304398
12.71471024,49.41400146
12.71442509,49.41558456
12.71480656,49.41637802
12.71418667,49.4178009
12.71415806,49.41786575
12.71363544,49.41971588
12.71103477,49.42234039
12.70871925,49.4246788
12.70489311,49.42486191
12.69361973,49.42541122
12.69232368,49.42547607
12.68280983,49.42621613
12.68276119,49.42621613
12.67919636,49.42625046
12.678895,49.42631149
12.67661285,49.42709351
12.67293739,49.42847824
12.6704855,49.4294014
12.66829681,49.43022919
12.66807079,49.43031311
12.66679764,49.43083572
12.66320038,49.43231964
12.66243172,49.43263626
12.66180229,49.43289566
12.66092205,49.43314362
12.65854073,49.43380737
12.65589333,49.43454742
12.65659523,49.4353447
12.656991,49.43602753
12.657197,49.43654633
12.65715504,49.43723679
12.65740299,49.43787384
12.65775585,49.43841553
12.6580801,49.43912506
12.65814686,49.43978882
12.65817547,49.4404335
12.65802765,49.44119644
12.65776348,49.44182205
12.65779018,49.44241714
12.65763187,49.44296646
12.65736771,49.44359207
12.65706444,49.4441452
12.65702438,49.44488144
12.65701485,49.44548035
12.656744,49.445961
12.65632915,49.44646835
12.6560297,49.44711685
12.65584564,49.44790649
12.65558243,49.44855499
12.65568161,49.44912338
12.65621281,49.44956589
12.6571455,49.45000076
12.65797806,49.45050812
12.65690517,49.4525528
12.65543365,49.45534897
12.65365791,49.45872498
12.65180206,49.46224976
12.65130043,49.46319962
12.64932823,49.4669342
12.64849472,49.46831131
12.64724159,49.46855164
12.64673519,49.46875381
12.64605141,49.46899796
12.64530468,49.46916962
12.64447403,49.46921158
12.64387894,49.46922302
12.64324856,49.4693222
12.64246464,49.46954727
12.64188099,49.46980286
12.64153671,49.47008133
12.64119434,49.47040939
12.64071846,49.47087097
12.64038372,49.4713707
12.63996601,49.47177887
12.63956547,49.4721489
12.63952065,49.47248459
12.63947964,49.47290039
12.63918209,49.47333145
12.63908005,49.47372055
12.63888073,49.47415161
12.63857937,49.47450638
12.63837337,49.47478104
12.63808727,49.47503281
12.63772488,49.47536469
12.63720798,49.47578812
12.63672161,49.476017
12.63587475,49.47615051
12.63526154,49.4762001
12.63460827,49.47622299
12.63376331,49.47619629
12.63458157,49.47727966
12.63520718,49.47818375
12.63547421,49.47891617
12.63557816,49.47949982
12.63587856,49.48010254
12.6359911,49.48023987
12.63637352,49.48070526
12.63709736,49.48117447
12.6378603,49.48166656
12.63823223,49.4821167
12.6382513,49.48255157
12.63850403,49.48297882
12.63902187,49.48319626
12.63922787,49.48323822
12.64012432,49.48342896
12.6409893,49.48356628
12.64176941,49.48355103
12.64270878,49.48360825
12.64322567,49.4838295
12.64391518,49.4844017
12.64409351,49.48490524
12.64399242,49.48534012
12.64396286,49.485466
12.64371395,49.48600769
12.64369965,49.48656464
12.64375973,49.4870491
12.64405346,49.48749924
12.6441164,49.48803329
12.64390373,49.48851776
12.64369106,49.48898315
12.64366722,49.48933792
12.6438036,49.48976898
12.64390564,49.49029922
12.64393044,49.49085999
12.64376545,49.49152374
12.64371204,49.4920845
12.64381313,49.49258804
12.64375782,49.49309921
12.64370346,49.49363327
12.64384937,49.49426651
12.64375496,49.49477768
12.64337444,49.49498749
12.64281368,49.49525833
12.64236355,49.49623871
12.6415453,49.49721909
12.64048672,49.49822235
12.63992977,49.49902344
12.63990211,49.49959946
12.63998127,49.50017929
12.63970375,49.50058746
12.63977432,49.50097275
12.64006519,49.50145721
12.64051533,49.50188828
12.64088345,49.502285
12.64101028,49.50271988
12.64089298,49.5030899
12.64066601,49.50344467
12.64057922,49.50390244
12.64073467,49.50437164
12.64102459,49.50484085
12.64107037,49.50526047
12.64130592,49.50571442
12.64159393,49.5061264
12.64198685,49.5064888
12.64245605,49.50680161
12.64244938,49.50684357
12.64258575,49.50721359
12.64259529,49.50743866
12.64259911,49.50753021
12.64274216,49.50801849
12.64328861,49.50890732
12.64355183,49.50992203
12.64380264,49.51082993
12.64381409,49.51171494
12.64365101,49.51294708
12.64342976,49.51353455
12.64322853,49.5140686
12.64292526,49.51459503
12.64247608,49.51512527
12.64218616,49.51595688
12.64230442,49.51697159
12.64234066,49.51777649
12.64264965,49.51900101
12.64292622,49.51953506
12.64301395,49.51996613
12.64419556,49.52140045
12.64424992,49.52304077
12.6424551,49.52461243
12.64183426,49.52588654
12.64138317,49.52680969
12.64102268,49.52774811
12.63992786,49.52862549
12.63965034,49.52897644
12.63908291,49.53017807
12.6379385,49.53118515
12.6368084,49.53167343
12.63589001,49.53201294
12.63219357,49.53197479
12.63055801,49.53099442
12.62950516,49.52910614
12.62913609,49.52822113
12.62858677,49.52698135
12.62773991,49.52725983
12.62695694,49.52734756
12.62631893,49.52739334
12.62540531,49.52741241
12.62433434,49.52717972
12.62300396,49.52688599
12.62163544,49.52654266
12.6207037,49.52655792
12.62067223,49.52709579
12.62041378,49.52787399
12.6199522,49.52859879
12.61935234,49.5290947
12.61881447,49.52934647
12.61653328,49.52902985
12.61471748,49.52836609
12.61342049,49.52934265
12.61206532,49.5303688
12.60846043,49.53082657
12.60170555,49.53247833
12.59947681,49.53337479
12.59819984,49.53389359
12.59583473,49.53482819
12.58972454,49.53771973
12.58893204,49.53824997
12.58850193,49.53853607
12.58894825,49.53865814
12.58903313,49.53868103
12.58931828,49.53876114
12.59197426,49.53951645
12.5935936,49.54018021
12.59423923,49.54080963
12.59467697,49.54123688
12.59500885,49.54154587
12.59477901,49.54166794
12.59377861,49.54219055
12.59291267,49.54262924
12.58964443,49.54442596
12.58782387,49.54543686
12.58778095,49.54545975
12.58780289,49.545578
12.58785248,49.54584503
12.58800888,49.54625702
12.58764648,49.54655838
12.58630943,49.54766846
12.58446693,49.54876328
12.58170414,49.55171967
12.5812397,49.55381012
12.58062363,49.55444717
12.58041191,49.55563354
12.57873154,49.5567131
12.57778549,49.55718613
12.57628536,49.55770874
12.57416439,49.55944443
12.57446575,49.5616684
12.57424259,49.562603
12.57421589,49.56401443
12.57413006,49.56472015
12.5724268,49.56732559
12.57127666,49.56848907
12.57100391,49.56896973
12.57105923,49.56975174
12.57231522,49.57126999
12.57349586,49.57488251
12.57351589,49.57501602
12.57357025,49.57531357
12.57358932,49.57544708
12.5738306,49.57684708
12.57390404,49.57727814
12.57398224,49.578125
12.57409,49.57932663
12.57416153,49.58097458
12.57506561,49.5821228
12.57551098,49.58268738
12.57682514,49.58428955
12.5769558,49.58533096
12.57707787,49.5862999
12.57607174,49.58715439
12.57397842,49.58898163
12.57060528,49.59154129
12.56625557,49.59434891
12.56540108,49.59540558
12.56419086,49.59623718
12.56379795,49.59739685
12.56388569,49.59782791
12.56403351,49.59836578
12.56410789,49.59879684
12.56345749,49.59978104
12.56354523,49.6002121
12.56378269,49.60121536
12.56387043,49.60164642
12.5637207,49.60585785
12.56262207,49.60769653
12.56266689,49.60873032
12.56244946,49.6091423
12.56203938,49.60991287
12.56118107,49.61024475
12.56046009,49.61051941
12.5599556,49.61071777
12.55963898,49.61103439
12.5594759,49.61148834
12.5593071,49.61182404
12.55876923,49.61209488
12.55856228,49.6124115
12.55820465,49.61260605
12.55785465,49.61261368
12.55772877,49.61261749
12.55747318,49.6126442
12.55719662,49.61286926
12.55709362,49.61333847
12.55688477,49.61429596
12.55752087,49.61631012
12.55868721,49.61756134
12.55887318,49.6177597
12.55959606,49.61853409
12.5606699,49.61963272
12.55985832,49.6198349
12.55695724,49.62055206
12.55639553,49.62068939
12.54599285,49.62133789
12.53618526,49.61810303
12.52816868,49.61818314
12.52844238,49.62039185
12.52692699,49.62227631
12.53023243,49.62273788
12.53305149,49.62389374
12.53353596,49.62475967
12.53360844,49.62488937
12.53440189,49.62630844
12.5336132,49.62667084
12.52971554,49.62720108
12.52850914,49.62653732
12.52724266,49.62672424
12.52516937,49.62716675
12.52407455,49.62763596
12.52366543,49.62796021
12.52338314,49.62841034
12.52324581,49.62881088
12.52326202,49.62919235
12.52347851,49.62969589
12.52369308,49.63015747
12.52337933,49.63041687
12.52303696,49.63077927
12.52301693,49.63107681
12.5226717,49.63137817
12.52269268,49.63186264
12.52270985,49.63228607
12.52250004,49.63269043
12.52248859,49.63319778
12.52264404,49.63378525
12.52322483,49.63445282
12.52405834,49.63494492
12.52498627,49.63534927
12.52558804,49.6357193
12.52605534,49.63634109
12.52654362,49.63677979
12.52695465,49.63726044
12.52778816,49.63775253
12.52839565,49.63826752
12.52880001,49.6385994
12.52885914,49.63923264
12.52859116,49.63980865
12.52780819,49.64051819
12.52711201,49.64097595
12.52631664,49.64138794
12.52571678,49.64182281
12.52514362,49.64210892
12.52440739,49.64239502
12.52356339,49.64243317
12.5226469,49.64229965
12.52095699,49.64221573
12.51995277,49.64245224
12.5194416,49.64267349
12.5189991,49.64297867
12.51848698,49.64317703
12.51791668,49.64352417
12.51760864,49.64393234
12.51753426,49.64450455
12.51756477,49.64522171
12.51762867,49.64596176
12.51814938,49.64673233
12.51830292,49.64727783
12.51874828,49.64781952
12.51961422,49.64828873
12.52050781,49.64873123
12.52064419,49.6487999
12.52128029,49.64921188
12.52132797,49.64957047
12.52105331,49.64999771
12.52097702,49.65050507
12.52150822,49.65074921
12.52239799,49.65090561
12.52249146,49.65092087
12.52338123,49.65120316
12.52415276,49.65173721
12.52459908,49.6522789
12.52479076,49.65297318
12.52484512,49.65347672
12.52496243,49.65358353
12.52535248,49.65393448
12.5259161,49.65419769
12.5259943,49.65449142
12.52584171,49.65472794
12.52517891,49.65509415
12.52381992,49.65564346
12.52329159,49.65617371
12.52323818,49.65662766
12.5234108,49.65724564
12.5234623,49.6576004
12.52322102,49.6579628
12.52299309,49.65863419
12.52249908,49.65909576
12.5223074,49.65976334
12.52244663,49.6604538
12.52316666,49.66101074
12.52421379,49.66146851
12.52500725,49.66202545
12.52565765,49.66265869
12.5264883,49.66321564
12.52734852,49.66360474
12.52798748,49.66394806
12.52807713,49.66435242
12.52832222,49.66492081
12.52888966,49.66533661
12.52956772,49.66575623
12.52984619,49.66624832
12.52983475,49.66684723
12.52971268,49.66744232
12.52944851,49.66811371
12.52902222,49.66845703
12.52841949,49.6689415
12.52797318,49.66966629
12.52751541,49.67012405
12.52679825,49.67052078
12.52663898,49.6710701
12.52651787,49.67169189
12.52616882,49.67210388
12.5258255,49.67265701
12.52566433,49.67318344
12.52568531,49.67368317
12.52529812,49.67406845
12.52469349,49.67451096
12.52449322,49.67498779
12.5243721,49.6755867
12.52376652,49.67602539
12.52311611,49.67625046
12.52280712,49.67675781
12.52272129,49.67733002
12.52252293,49.67783356
12.52232265,49.67831421
12.52223587,49.67886353
12.5220871,49.67914581
12.52203178,49.67924881
12.52197933,49.67972565
12.5222578,49.68024445
12.52257061,49.68069077
12.52267361,49.68112946
12.52270412,49.68125916
12.52273655,49.68202209
12.52250481,49.68259811
12.52241039,49.682724
12.5220871,49.68315125
12.52210522,49.68358231
12.52223015,49.68391037
12.52199268,49.68436813
12.52175331,49.68480301
12.52158928,49.68525696
12.52160645,49.68566132
12.52162266,49.68579102
12.52166176,49.68608856
12.52163792,49.68675995
12.51408195,49.68783188
12.51192856,49.68644333
12.50924778,49.686409
12.50858498,49.68634796
12.50784206,49.68614578
12.50683594,49.68578339
12.50635052,49.68557739
12.50566292,49.68537521
12.5050354,49.68529129
12.50426769,49.68537521
12.50343513,49.68564224
12.50257015,49.68602371
12.50118923,49.68634796
12.50029659,49.68650436
12.49931431,49.68627167
12.49838638,49.68602753
12.4967041,49.68573761
12.49506855,49.68566895
12.49329376,49.68579483
12.49177933,49.68601227
12.49034786,49.68643188
12.48647594,49.68776321
12.48522091,49.68788528
12.4851017,49.68869019
12.48509979,49.68996429
12.4854393,49.69150543
12.48399544,49.69387054
12.48092175,49.69503021
12.47552395,49.69634247
12.470994,49.69730377
12.46906948,49.69782257
12.46870518,49.69836807
12.46557426,49.69900131
12.46304226,49.69950867
12.45995903,49.70077896
12.45745468,49.70205688
12.45281601,49.70121002
12.44996929,49.70182419
12.445611,49.70247269
12.44445992,49.70315933
12.44288635,49.70370102
12.44165039,49.70471191
12.44027901,49.70578003
12.43926525,49.70747757
12.43537903,49.71259308
12.43506432,49.71405792
12.43280888,49.71595001
12.43292332,49.71636963
12.43318081,49.7175827
12.43325424,49.71802902
12.42993832,49.71976852
12.42897129,49.72092819
12.42877769,49.72436905
12.42795563,49.72566223
12.42780781,49.72647476
12.42755604,49.72702789
12.42727757,49.72741318
12.42688465,49.72768402
12.42656422,49.72792816
12.42653942,49.72823715
12.42644119,49.72852325
12.42616081,49.72886276
12.42606544,49.72922134
12.42593193,49.72955704
12.42584038,49.73001099
12.42571163,49.73046494
12.42520809,49.73073578
12.42447853,49.73086548
12.4240036,49.7309227
12.42330551,49.73093414
12.42250538,49.73111343
12.42191887,49.73114777
12.42099857,49.73111725
12.42030334,49.73117447
12.41968346,49.73128128
12.41899014,49.73141098
12.41830158,49.73163986
12.41757393,49.73181915
12.41669273,49.73183441
12.41588497,49.73184586
12.41522694,49.73190689
12.41449833,49.73205948
12.41387558,49.7321167
12.41322231,49.73231888
12.4127903,49.73251724
12.41250801,49.73280716
12.41252422,49.73321152
12.41257858,49.73366547
12.41267204,49.73416138
12.41268826,49.73456573
12.41260052,49.73567581
12.40976048,49.73687744
12.40822506,49.73876572
12.40725327,49.73913956
12.40636539,49.73948288
12.40488625,49.74276352
12.40462112,49.74444199
12.40454197,49.7449379
12.40451717,49.74504089
12.40441132,49.74547958
12.4043932,49.74571609
12.4044981,49.74590302
12.40567207,49.74748611
12.40589237,49.74777603
12.40577221,49.74791336
12.4015274,49.75289917
12.40071774,49.75384903
12.40062428,49.75464249
12.40049458,49.75574493
12.40143967,49.75702286
12.40152359,49.75837326
12.4016552,49.75943375
12.4023428,49.76023102
12.40294361,49.76108932
12.40315628,49.76193619
12.40436745,49.76259613
12.40474129,49.76279831
12.40750694,49.76313019
12.40872097,49.76359558
12.41022968,49.76417542
12.41665077,49.76663971
12.41962814,49.76777649
12.42359447,49.76930237
12.42953396,49.77149582
12.43317318,49.77283096
12.43767357,49.77450943
12.43916988,49.77505875
12.44518089,49.77728653
12.45177269,49.77973557
12.45279694,49.78011322
12.45987225,49.78274155
12.46704292,49.78538895
12.46827698,49.78665543
12.47001839,49.7870903
12.47165585,49.78566742
12.47272301,49.78593826
12.4725666,49.78746033
12.47401428,49.78866196
12.47474575,49.78988647
12.47483253,49.79065704
12.47430992,49.79195023
12.4726162,49.79191971
12.47179127,49.79200745
12.47096825,49.79209137
12.46987915,49.79244232
12.46914291,49.79287338
12.46827698,49.7932663
12.46708393,49.79378891
12.46638203,49.79415894
12.46563435,49.79475403
12.46529388,49.79541397
12.46576786,49.79664612
12.46638966,49.79701614
12.47056961,49.79953384
12.47065353,49.79958344
12.47042656,49.80102921
12.47035122,49.80252075
12.47003937,49.80279541
12.46907711,49.80364227
12.46673584,49.80587769
12.46683693,49.80630875
12.46703815,49.80714035
12.46711159,49.80757141
12.46672821,49.8080368
12.46421719,49.81022263
12.4654665,49.81149673
12.46686172,49.81296539
12.46831703,49.81342316
12.4693327,49.81374359
12.46982479,49.81389999
12.47331619,49.81511307
12.47317696,49.81663895
12.47326565,49.81700516
12.47387981,49.8180542
12.47478867,49.81911087
12.47494316,49.81929779
12.4745388,49.82167053
12.47452068,49.8218956
12.47464085,49.82210159
12.47611713,49.82482147
12.47626781,49.8251152
12.47623253,49.82526779
12.47553921,49.82699203
12.47349739,49.82975388
12.47305965,49.83161545
12.47294712,49.83358765
12.47406006,49.83452225
12.47428322,49.83470154
12.47533989,49.83555603
12.47556496,49.83641052
12.47580051,49.83731079
12.47760296,49.83779907
12.47854042,49.83893585
12.48263645,49.84171677
12.48363876,49.84172821
12.48651409,49.84158707
12.48742485,49.84140396
12.48781395,49.84119797
12.48855305,49.84089661
12.48920441,49.84062958
12.48967552,49.84027863
12.48970318,49.83987808
12.48994923,49.83968735
12.49004555,49.83961487
12.49079514,49.83957291
12.49149132,49.83933258
12.49211216,49.83908463
12.4923172,49.83900452
12.4929285,49.83882141
12.49380016,49.83854675
12.49476337,49.83833313
12.49551296,49.83829117
12.49621487,49.83816147
12.49800777,49.83757782
12.49825859,49.83824921
12.49831772,49.83868027
12.49835777,49.83892441
12.49856091,49.84014511
12.49887562,49.84140778
12.49854755,49.84305573
12.49908829,49.84725952
12.49878025,49.84834671
12.49740505,49.85145569
12.49768353,49.85326385
12.49811935,49.85486221
12.49784565,49.85690689
12.50306988,49.85747147
12.50388718,49.8575592
12.50739765,49.8576088
12.51065922,49.85836411
12.51210594,49.85942459
12.51318073,49.86088181
12.51366901,49.86125565
12.51457024,49.86194229
12.51573849,49.86389923
12.51863956,49.86828232
12.51869965,49.86837387
12.51874161,49.86871338
12.51894188,49.87179565
12.51905918,49.87683487
12.51907158,49.87713242
12.51916122,49.87726593
12.52014828,49.87919235
12.52046967,49.87948227
12.52136421,49.88028717
12.52187157,49.88172531
12.52371693,49.88292694
12.52561569,49.88468552
12.52576065,49.88478088
12.52651978,49.88529205
12.53067017,49.8880806
12.53266239,49.88916016
12.53450966,49.88995361
12.53551865,49.89079285
12.53774452,49.89112473
12.53995991,49.89120102
12.54042339,49.89170837
12.54093361,49.89224243
12.54342937,49.89473724
12.54418945,49.8951683
12.54515171,49.89570999
12.54570866,49.89631271
12.54761219,49.89838028
12.5483675,49.89921188
12.54967308,49.90109253
12.5505724,49.90264511
12.55095863,49.90389633
12.55087948,49.90470886
12.55134392,49.90474319
12.55132484,49.90486145
12.5547123,49.9030304
12.55764198,49.90166855
12.55799484,49.90128326
12.57838726,49.90011215
12.58402348,49.89895248
12.58909798,49.89686584
12.59091377,49.89637375
12.59504604,49.89574814
12.60190105,49.89553833
12.60661125,49.89583588
12.61122608,49.89655304
12.62132263,49.89945221
12.6256609,49.90032959
12.64201069,49.90260315
12.64778042,49.90264511
12.65300941,49.9017868
12.65925121,49.89994812
12.66177177,49.89860535
12.66794872,49.89447403
12.67137146,49.8916626
12.67341995,49.89039612
12.67610645,49.88963318
12.67904186,49.88961029
12.68325329,49.89048004
12.68583202,49.8916626
12.68776894,49.89356613
12.68970585,49.89665985
12.69152164,49.89854813
12.69429207,49.89995575
12.70227718,49.90285492
12.70801544,49.90703964
12.71112537,49.90884018
12.71468639,49.91032028
12.72433567,49.91258621
12.72767162,49.91368103
12.73681068,49.91869354
12.73992825,49.92069244
12.74250126,49.92186737
12.74709988,49.92300415
12.75176716,49.92359924
12.75497437,49.92350388
12.76846409,49.92228317
12.77707005,49.92264557
12.81524277,49.92300415
12.82983494,49.9226265
12.83618259,49.9217453
12.84472179,49.9185524
12.84886074,49.9178772
12.85585785,49.91743469
12.87344646,49.91744995
12.8952961,49.91819382
12.89997578,49.9175148
12.90456486,49.91638565
12.91055393,49.91352081
12.91428471,49.91255951
12.92077065,49.91202164
12.92733383,49.91240311
12.93125343,49.91332626
12.93613911,49.91582489
12.94524002,49.91974258
12.95154381,49.9236908
12.95596123,49.92742538
12.95929909,49.93196487
12.96247864,49.93832016
12.96360588,49.94308853
12.96440887,49.95105362
12.96470547,49.95517349
12.9658823,49.95735931
12.9679842,49.95913315
12.9712801,49.96053314
12.97546864,49.96135712
12.98817062,49.96281052
12.98996639,49.96327209
12.9951849,49.96530151
12.99898338,49.96614075
13.00972557,49.96731949
13.01377773,49.96801758
13.01558399,49.96854019
13.02218819,49.97126389
13.02924919,49.9728775
13.03252888,49.97396469
13.04151058,49.97907257
13.04537296,49.98207474
13.04980469,49.98490524
13.0560379,49.99097061
13.06579781,49.99897385
13.070714,50.00389862
13.07509613,50.0067482
13.07889938,50.00976563
13.0879364,50.01486969
13.09147644,50.01592255
13.09753132,50.01677704
13.10504436,50.01747131
13.10848713,50.01750183
13.12579536,50.01636887
13.13219547,50.01541138
13.1340313,50.01486969
13.14057064,50.01209641
13.14762878,50.0104332
13.15095997,50.0093689
13.15712833,50.00622559
13.16347408,50.00389481
13.17637253,49.99863052
13.18071938,49.9957428
13.18532085,49.99320221
13.18916893,49.99023438
13.19356346,49.98764038
13.19735146,49.98464584
13.20638657,49.97942734
13.21026134,49.97834778
13.21686268,49.97777939
13.22349358,49.97818756
13.22747135,49.97921753
13.22998619,49.98058319
13.23496342,49.9839592
13.23662663,49.9859848
13.23723221,49.98843384
13.23640919,49.99203873
13.23570442,49.99309921
13.23146915,49.99725342
13.23026657,49.9998436
13.22953892,50.0027504
13.22889519,50.0089798
13.22895813,50.0137291
13.22984695,50.01836395
13.2313776,50.02128601
13.233881,50.02374649
13.23541832,50.02480698
13.2389164,50.02656937
13.24757195,50.0293808
13.26081181,50.03438187
13.26976395,50.04001236
13.2762146,50.04557037
13.27921581,50.04738617
13.28628063,50.05063248
13.29461193,50.05650711
13.29555035,50.05759811
13.29685307,50.06005859
13.29998493,50.06894684
13.30243778,50.0831337
13.306427,50.09309387
13.30932903,50.10226822
13.32036591,50.0975647
13.33546829,50.09244919
13.34058666,50.09018707
13.34369183,50.08922577
13.34950638,50.08855438
13.36178207,50.0884819
13.36641407,50.08767319
13.3694458,50.08686066
13.37204456,50.08568192
13.37858868,50.08176041
13.38341522,50.07810974
13.39083481,50.07364273
13.39380169,50.07253265
13.39562416,50.07219315
13.4013567,50.07215118
13.40321445,50.07245636
13.40631104,50.0735054
13.41691494,50.07944107
13.42258263,50.08472824
13.43109989,50.07562637
13.43817806,50.07010269
13.43897629,50.06895828
13.43975353,50.06645203
13.43953419,50.06384659
13.43825531,50.06135178
13.43523788,50.05888367
13.42997837,50.05634689
13.42768955,50.05479813
13.42568111,50.05257797
13.42424965,50.04973602
13.42088223,50.0364418
13.42129993,50.03421021
13.42197704,50.03312683
13.42306328,50.03211212
13.42480755,50.03116989
13.4288187,50.0302124
13.43315411,50.02999496
13.43767357,50.03025436
13.44221783,50.03096771
13.44661331,50.03227234
13.45830536,50.03759766
13.46033764,50.03824997
13.46411037,50.03889465
13.5121479,50.03898621
13.51988316,50.0385437
13.52472973,50.0376091
13.52682781,50.03687286
13.53035355,50.03497696
13.53285217,50.03266144
13.53358746,50.03137589
13.53384781,50.03002548
13.53357124,50.0287323
13.52939034,50.02348709
13.52858639,50.02140045
13.52900124,50.0194397
13.53087234,50.01766968
13.53376007,50.01653671
13.53993607,50.01483917
13.54642391,50.01213455
13.55352688,50.01054382
13.55679893,50.00949478
13.57042694,50.00191116
13.57363796,50.00079346
13.5821228,49.9985733
13.58717346,49.99638748
13.58912182,49.99584198
13.59354782,49.99515533
13.60349274,49.99468613
13.65419579,49.99506378
13.66450024,49.9949379
13.67160034,49.99430084
13.67566204,49.99324036
13.68487644,49.98824692
13.69254875,49.98235321
13.69775295,49.97466278
13.70210361,49.97108841
13.70423794,49.96867752
13.70857906,49.96161652
13.72068691,49.96399689
13.72996616,49.9649086
13.74196339,49.96498489
13.75009346,49.96382904
13.75454617,49.96190643
13.7561121,49.9605217
13.75788975,49.95743942
13.75963211,49.95084381
13.76108932,49.94768906
13.76311874,49.94497681
13.76608181,49.9426651
13.77087879,49.94107819
13.77628899,49.94054031
13.78470612,49.94106674
13.79234409,49.94281769
13.80243301,49.93878174
13.80698204,49.93593597
13.81180859,49.93348312
13.81614304,49.93066788
13.82317066,49.92739105
13.82616615,49.92543411
13.82869339,49.92312241
13.83167553,49.91849518
13.83395576,49.91354752
13.83606625,49.90090561
13.83859444,49.89257431
13.8399477,49.87803268
13.83991814,49.87425613
13.83924675,49.87234497
13.83752155,49.87068176
13.8347826,49.86942673
13.82802296,49.8679657
13.82484818,49.86701584
13.81833076,49.86313248
13.81626225,49.86159515
13.8153019,49.86045456
13.81406116,49.85788345
13.81156826,49.84979248
13.80677891,49.84401703
13.80572319,49.84114838
13.80519772,49.83800507
13.80505085,49.83141708
13.80597305,49.82502747
13.80712223,49.8222084
13.80797482,49.82099533
13.81052113,49.81859207
13.81207657,49.81657791
13.8130188,49.8139534
13.81331825,49.81113815
13.81304359,49.80832672
13.81213284,49.80570221
13.80731583,49.80010605
13.80622005,49.79735184
13.80561543,49.79429245
13.80513477,49.78772354
13.8049593,49.77416992
13.80521393,49.76762009
13.80574608,49.76455688
13.80690956,49.76176071
13.80786896,49.76052475
13.81513596,49.75518799
13.81846905,49.75342178
13.82599735,49.75096512
13.81922817,49.74653625
13.81491661,49.74419022
13.80770111,49.74119568
13.80295563,49.73856735
13.80002975,49.7376442
13.79450989,49.73641205
13.79114819,49.73530197
13.7868824,49.73264313
13.78225422,49.7302475
13.77918434,49.72819901
13.77661133,49.72699738
13.77194691,49.72585678
13.7672224,49.7252388
13.75086117,49.72576523
13.74631214,49.72554016
13.74212074,49.72494888
13.7402668,49.72445297
13.73353577,49.7217598
13.7236166,49.71989441
13.71956444,49.71883392
13.70902824,49.7150383
13.70503235,49.71307755
13.69773197,49.70799255
13.69592667,49.70572281
13.69322205,49.70116043
13.68873882,49.69732666
13.68723392,49.69544983
13.68613052,49.69345093
13.68537331,49.6914978
13.68533611,49.68938065
13.68604469,49.68742371
13.68730927,49.68548965
13.68955517,49.68375778
13.69132996,49.6830864
13.69320488,49.68271255
13.69697475,49.68260574
13.70050621,49.68314362
13.70205498,49.68362808
13.70638084,49.68581772
13.70965099,49.68664551
13.7133894,49.6869278
13.71716595,49.68659592
13.72030926,49.68558121
13.72563362,49.68252182
13.72773075,49.68103027
13.72914982,49.67913818
13.73007584,49.67625427
13.7299242,49.67435074
13.72945976,49.67343903
13.72795582,49.67191696
13.72496891,49.67005157
13.72320271,49.66855621
13.72094631,49.66471863
13.72033978,49.66274261
13.72050476,49.65708923
13.7202034,49.65446472
13.71928501,49.65196991
13.71848869,49.65083694
13.7104578,49.64450073
13.70678234,49.64254379
13.70203304,49.64052582
13.70544338,49.63539505
13.70743179,49.63352966
13.71438885,49.62840271
13.72248363,49.62413406
13.72559738,49.6230278
13.72755718,49.62264252
13.74077606,49.62138748
13.74522972,49.62048721
13.74720669,49.6198082
13.75071335,49.6180191
13.75352764,49.61575699
13.75529003,49.61349487
13.75823212,49.60775375
13.75896263,49.60331345
13.75848293,49.59885406
13.75585175,49.5910759
13.75372028,49.58057404
13.75497818,49.56452942
13.75608826,49.56006241
13.75679207,49.55872726
13.75871658,49.55667877
13.76560688,49.55167007
13.77112865,49.54853058
13.77693176,49.54418564
13.77880764,49.54210281
13.78023624,49.53776169
13.78089523,49.52642441
13.78186607,49.5218277
13.78343964,49.51916504
13.78908157,49.51426315
13.79296303,49.50967026
13.78783989,49.50807571
13.7780056,49.50626373
13.77449799,49.50521851
13.76791954,49.50128555
13.76586819,49.49968719
13.76500893,49.4985199
13.76417732,49.49592209
13.76428127,49.49315262
13.76465988,49.49175262
13.76613235,49.48905945
13.77304935,49.48139954
13.77717209,49.47829819
13.77905083,49.47649384
13.78240108,49.47082138
13.78669071,49.46660995
13.78752136,49.46543884
13.78862858,49.46277237
13.79094982,49.4538002
13.79243374,49.45100403
13.7960043,49.44574356
13.79741764,49.44116211
13.7976141,49.4380722
13.79728794,49.43509674
13.79630947,49.43237305
13.79548836,49.43117523
13.79120636,49.42701721
13.78863716,49.42247009
13.78699493,49.42031479
13.78302383,49.41722107
13.7782383,49.41192245
13.773489,49.40769196
13.7793417,49.40089798
13.78190327,49.39858246
13.78559494,49.39596176
13.78747177,49.39392471
13.78868484,49.39130402
13.79018879,49.38574219
13.79127884,49.38315582
13.79208946,49.3820076
13.7964201,49.37777328
13.7997961,49.37208939
13.8043108,49.36798859
13.8051796,49.3667984
13.80580807,49.36549377
13.80646515,49.36269379
13.80608845,49.35842133
13.80465603,49.35582733
13.80340958,49.3547287
13.80070591,49.35349274
13.79483223,49.35213089
13.79209995,49.35126877
13.78568268,49.34732819
13.78365326,49.34576797
13.7827816,49.34465408
13.7817564,49.34211731
13.78088665,49.33365631
13.78031254,49.33093643
13.77898502,49.32847595
13.77785873,49.32742691
13.77483177,49.32598495
13.76821518,49.32423782
13.76555157,49.32309341
13.76233101,49.3211441
13.75753784,49.31879425
13.74796867,49.3122406
13.74265671,49.30587769
13.74134922,49.30345154
13.74113178,49.30235291
13.74142361,49.30027771
13.74191475,49.299366
13.74486542,49.2965126
13.7459631,49.29439926
13.74622536,49.29199219
13.74555016,49.28960037
13.74386406,49.28768539
13.7364378,49.28289795
13.72909164,49.28001785
13.72607136,49.27842331
13.72346497,49.27656174
13.7215929,49.27441788
13.72101307,49.27213669
13.72148705,49.27013779
13.72249317,49.26813889
13.72410202,49.2663269
13.72846317,49.26378632
13.73654175,49.25824738
13.73804283,49.25589371
13.73846245,49.25320816
13.73829269,49.25181961
13.73710537,49.24907303
13.73605156,49.24782562
13.73331547,49.24568176
13.73008156,49.24399185
13.72440434,49.24176025
13.71992397,49.23910141
13.71635437,49.23743439
13.714221,49.23604202
13.71283531,49.23426056
13.71255398,49.23129272
13.71323872,49.22748566
13.71481895,49.22373199
13.7156868,49.22263336
13.7203331,49.21853638
13.72311687,49.2139473
13.72477818,49.21184158
13.72763634,49.20959473
13.72941399,49.20766068
13.73057747,49.20521164
13.73121738,49.20264816
13.7313776,49.19826126
13.73028278,49.19641876
13.72821522,49.19502258
13.72669601,49.19445419
13.71865559,49.19242096
13.7172327,49.19166946
13.71609116,49.19068527
13.71526337,49.18954086
13.71428776,49.18696213
13.71286106,49.17533112
13.71158314,49.17251205
13.7093277,49.17004395
13.70479393,49.16716003
13.69920063,49.16483688
13.69443989,49.16233063
13.68585014,49.16006851
13.68261147,49.15880966
13.68041325,49.1571846
13.67569447,49.15255356
13.66554642,49.14829636
13.66132545,49.1453743
13.65673256,49.14293671
13.65368271,49.14099884
13.65074825,49.13991547
13.6489296,49.13960266
13.6451292,49.13946915
13.64144993,49.13993073
13.6385498,49.14092255
13.63513184,49.14269638
13.63173676,49.1437645
13.61687565,49.14630508
13.61317921,49.14631271
13.60954094,49.14559174
13.60664272,49.14413834
13.60452271,49.14186096
13.6034832,49.13903046
13.60313511,49.1344986
13.6035862,49.12657928
13.60487843,49.11405945
13.60435677,49.1118927
13.60248089,49.10737228
13.59852314,49.10157013
13.59798908,49.1003685
13.59778976,49.09822083
13.59806442,49.09719467
13.59937286,49.09542847
13.60554981,49.09050369
13.60957336,49.08768845
13.61122417,49.08533859
13.61340046,49.07846451
13.61452389,49.07588577
13.61532307,49.07476044
13.61876011,49.07151413
13.62021637,49.06899261
13.6209383,49.06612015
13.62108135,49.06308365
13.62007236,49.05850601
13.61818218,49.05574417
13.61546516,49.05350113
13.61224747,49.05170822
13.60655785,49.04943085
13.60290527,49.04759216
13.59967041,49.04652786
13.59767342,49.04616165
13.58698368,49.04519272
13.58296013,49.04450607
13.57985306,49.04330444
13.57347775,49.0392189
13.5715723,49.03720856
13.57091427,49.03593445
13.56920815,49.02899551
13.5682478,49.02637863
13.56750584,49.02521515
13.56422901,49.02188873
13.56344128,49.02071381
13.56235218,49.01807785
13.56034756,49.0111351
13.55892944,49.00879288
13.55567169,49.00566864
13.55500793,49.00457764
13.55436993,49.00217056
13.55457687,48.99969482
13.55569077,48.99741745
13.5598402,48.99339294
13.56242371,48.9888649
13.56408882,48.98670578
13.56909847,48.98277283
13.57285881,48.97871399
13.58229828,48.96982574