14.63085079,48.60770416
14.62820435,48.60756302
14.62735558,48.60751724
14.62451172,48.60736847
14.62314224,48.61201477
14.6226759,48.61395264
14.62180424,48.61758041
14.62086105,48.61933517
14.61906433,48.62268066
14.61883545,48.62310791
14.61879635,48.62345505
14.61860657,48.6251564
14.61741638,48.62509537
14.61735535,48.62509155
14.61203957,48.62839508
14.61141777,48.62878036
14.61136055,48.62929916
14.60925388,48.62918854
14.60904789,48.62917709
14.6041584,48.62968445
14.60392761,48.62970734
14.60258007,48.62984467
14.60091114,48.62874603
14.59806347,48.62687302
14.59789753,48.6267662
14.59783268,48.62668991
14.59548664,48.6239357
14.59541893,48.62385559
14.59494495,48.62329865
14.59381199,48.62196732
14.59341145,48.62187958
14.59187508,48.62155151
14.59197521,48.62065887
14.59213448,48.61923218
14.58664322,48.61893845
14.58539104,48.6188736
14.58120632,48.61865234
14.57878304,48.61731339
14.5789423,48.61590195
14.57915497,48.61401367
14.57348347,48.61371231
14.57241344,48.61365509
14.5700016,48.61352921
14.5698719,48.61352158
14.5664053,48.61223602
14.5658741,48.61157608
14.56539249,48.61097717
14.56352711,48.60865784
14.56107807,48.60852432
14.56076908,48.60850906
14.55979824,48.60845566
14.55943584,48.60843658
14.55611324,48.60826111
14.55269432,48.608078
14.55254364,48.60941315
14.55234623,48.61115646
14.55218601,48.61257553
14.54932976,48.61242294
14.54846859,48.61237717
14.54544353,48.61221313
14.54521656,48.61421967
14.54510021,48.61525345
14.54493618,48.61671448
14.5381918,48.61635208
14.5372324,48.61629868
14.53566742,48.61621475
14.52445316,48.61785889
14.5243578,48.61869812
14.52425194,48.61962891
14.52419567,48.62012482
14.51951218,48.61987305
14.5173378,48.62079239
14.51669502,48.62106323
14.51051044,48.62117004
14.50884342,48.62120056
14.50836658,48.62115479
14.50783634,48.62110138
14.50377941,48.62070084
14.5014286,48.62046814
14.50013065,48.62171555
14.49851418,48.62326813
14.49772835,48.62402344
14.49639702,48.6259346
14.49619865,48.62766647
14.49615765,48.62802505
14.49568558,48.632164
14.49340725,48.63204193
14.4924469,48.6348114
14.48805523,48.63665771
14.48489952,48.6380043
14.48126602,48.63955307
14.48116779,48.64043045
14.47965717,48.64035034
14.47386646,48.64492035
14.47372818,48.64612198
14.47338867,48.64906311
14.47068977,48.64891815
14.47026157,48.64889526
14.46948338,48.6497612
14.46850491,48.64912796
14.46794891,48.64876938
14.46489716,48.64678955
14.4572916,48.64519882
14.45152378,48.64572525
14.45029926,48.64583588
14.44967651,48.64575577
14.44408417,48.64504242
14.44295406,48.64103699
14.445014,48.63846588
14.44628239,48.63853455
14.4474411,48.6385994
14.44777584,48.63568497
14.44782925,48.63522339
14.44815731,48.63489532
14.44889832,48.63415146
14.45118999,48.6318512
14.4509306,48.62973785
14.45038128,48.62531281
14.44990063,48.62480164
14.44912338,48.62397385
14.4494791,48.62090683
14.44951344,48.62060928
14.45003033,48.61611176
14.44778156,48.61598969
14.44600964,48.6158905
14.4458456,48.61431503
14.44437027,48.61066818
14.44397163,48.60968399
14.4427166,48.60658264
14.43988609,48.60411835
14.4380312,48.60250473
14.43807125,48.60216522
14.43810368,48.60188293
14.43779278,48.60186386
14.43734932,48.60184097
14.43580151,48.59985733
14.43291569,48.59616089
14.42890167,48.59359741
14.42856598,48.59338379
14.42583656,48.59164047
14.42225647,48.59264755
14.42049313,48.59314346
14.41872406,48.59350204
14.4188633,48.59231186
14.41892529,48.5917778
14.41218472,48.59141159
14.41197109,48.59326172
14.41179752,48.59476089
14.4114666,48.59476471
14.40578556,48.59479141
14.39714146,48.59483337
14.39435101,48.59456635
14.39281178,48.59441757
14.38937759,48.59408951
14.38933468,48.59395599
14.38816833,48.5901947
14.38864613,48.58717346
14.38882732,48.58602524
14.39011574,48.58165359
14.38950062,48.57700729
14.3876276,48.57537842
14.38698864,48.57482147
14.38700581,48.57467651
14.38703632,48.5744133
14.38732719,48.57193756
14.38403606,48.57175446
14.38134193,48.57160568
14.38062763,48.5712471
14.38089275,48.56895828
14.3811121,48.56706619
14.37437916,48.56669617
14.37416935,48.56850052
14.37397575,48.57015991
14.37114525,48.57004166
14.36819553,48.56991959
14.36772442,48.57085419
14.36711979,48.57081985
14.36693478,48.5724144
14.36682796,48.57333374
14.36659622,48.57531738
14.36537933,48.57524872
14.36426163,48.57716751
14.36424446,48.57719803
14.36019611,48.57743454
14.3569212,48.57393646
14.35398293,48.57009125
14.3536911,48.56971359
14.35380077,48.56878281
14.35417747,48.56557465
14.35233116,48.56547165
14.35223484,48.56500244
14.35116482,48.56498718
14.34887791,48.56494904
14.34759045,48.56393814
14.3479681,48.56070328
14.34813213,48.55929947
14.34822941,48.55847168
14.34838009,48.55718613
14.34849453,48.55620575
14.34835434,48.55619812
14.34587288,48.55606079
14.34176159,48.55583191
14.34203911,48.55346298
14.34228897,48.55133438
14.33882046,48.55114365
14.33555603,48.55096054
14.33581924,48.5487175
14.33608341,48.54646301
14.3328495,48.54628372
14.32935238,48.54608917
14.329566,48.54426575
14.32987881,48.54159164
14.32815361,48.54149628
14.32788944,48.54148102
14.32314873,48.54121399
14.32211685,48.54115677
14.31641769,48.54084015
14.31589031,48.54533768
14.31536102,48.54983139
14.31498814,48.55299759
14.31483173,48.55432892
14.3143034,48.55882645
14.30893421,48.5585289
14.3075676,48.55845261
14.30083561,48.55807495
14.30056858,48.56034088
14.30030537,48.56257248
14.29683685,48.56237793
14.29357243,48.56219482
14.29334068,48.56415558
14.29304123,48.56669235
14.28960133,48.5664978
14.28913879,48.5664711
14.28883457,48.56645203
14.28630638,48.56631088
14.28577518,48.57080841
14.28570271,48.57141876
14.28541183,48.57387924
14.28532887,48.57458115
14.28524208,48.57530594
14.28386497,48.57522964
14.28185558,48.5751152
14.28132439,48.57508469
14.27850723,48.57492828
14.27838516,48.57595444
14.27820873,48.57744217
14.27817154,48.57775116
14.27813435,48.57807922
14.27797413,48.57942581
14.27511692,48.57926559
14.27478313,48.57924652
14.27195168,48.5790863
14.27123928,48.57904434
14.27122784,48.57913589
14.27115345,48.57976151
14.27101803,48.58090591
14.27095413,48.58144379
14.27070618,48.58354187
14.26396942,48.58316422
14.26222324,48.58306503
14.25723362,48.58278275
14.2517271,48.58246994
14.25093174,48.58242416
14.25050831,48.58234406
14.24474335,48.5820694
14.24376202,48.58202362
14.23725033,48.58165359
14.23698807,48.58194733
14.23678112,48.58369064
14.23674488,48.583992
14.2364893,48.58613586
14.2333622,48.58596039
14.23265266,48.58591843
14.22975159,48.58575439
14.22956657,48.58730316
14.22928238,48.58967972
14.22921371,48.59025192
14.22841358,48.59020615
14.2240963,48.58996201
14.22247696,48.58987045
14.21707058,48.58956528
14.2087698,48.59106064
14.20645046,48.59148026
14.20475006,48.59187698
14.2040863,48.59202957
14.19953537,48.59309006
14.19853115,48.59303284
14.19499111,48.59283447
14.19482899,48.59418869
14.19475746,48.59475327
14.19443226,48.59732819
14.18917942,48.59703064
14.18771267,48.59694672
14.18153381,48.59659195
14.18097401,48.59656143
14.17633915,48.5962944
14.17423725,48.59617615
14.16749954,48.59578705
14.16162872,48.59545135
14.16076469,48.59540176
14.1572094,48.59519958
14.15629292,48.59514618
14.15579224,48.59542847
14.15384293,48.5965271
14.15378761,48.59698105
14.1537199,48.59754181
14.15348053,48.59951019
14.14810467,48.5992012
14.1475563,48.59917068
14.14674377,48.59912491
14.14000893,48.59873581
14.13582611,48.59849548
14.13326931,48.59834671
14.12903118,48.59810257
14.12864971,48.59807968
14.1265316,48.59796143
14.12480927,48.59786224
14.12206745,48.59636307
14.11779499,48.59402847
14.11705589,48.59362411
14.11432266,48.59331512
14.11354065,48.59322739
14.10792828,48.59259796
14.10620689,48.59240341
14.10468674,48.59276962
14.10311413,48.59315109
14.09988689,48.59393311
14.09973431,48.59517288
14.09958363,48.59640121
14.09795475,48.59630585
14.09645653,48.59621811
14.09483337,48.59814072
14.09403419,48.59908676
14.09240723,48.59960938
14.0922966,48.60050583
14.09002304,48.60037231
14.08781242,48.60108185
14.08518696,48.60124969
14.0848732,48.60126877
14.07858372,48.60166931
14.07844067,48.60283279
14.07827091,48.60421753
14.07319164,48.60391998
14.07179737,48.60383987
14.07153416,48.60382462
14.06517124,48.60345459
14.06479454,48.6034317
14.0645256,48.60562515
14.06424332,48.60792923
14.0575819,48.60754013
14.0575037,48.60753632
14.05581093,48.60743713
14.05076504,48.6071434
14.05049896,48.60930634
14.05021286,48.61163712
14.04762268,48.61148453
14.04707241,48.61145401
14.04699326,48.61171722
14.04323864,48.61314011
14.04314804,48.61387253
14.04294872,48.61549377
14.04291821,48.61573792
14.04236126,48.62023544
14.0420723,48.62258148
14.0436697,48.62466812
14.04377174,48.6248436
14.04602051,48.6249733
14.04854679,48.62512207
14.0479908,48.6296196
14.04509068,48.62945175
14.04124928,48.62922668
14.0410223,48.63106918
14.04093361,48.63179016
14.04069519,48.6337204
14.03732491,48.63352585
14.03395367,48.63332748
14.03257275,48.63324738
14.03176785,48.6332016
14.02721214,48.63293076
14.02122498,48.6325798
14.02046967,48.63253403
14.02040005,48.63310623
14.02021885,48.63455963
14.01991177,48.63703156
14.01693821,48.63685608
14.01498222,48.63674164
14.01346874,48.63877106
14.01332664,48.63896179
14.01279163,48.63967896
14.01261234,48.64112854
14.01231098,48.64355469
14.01709747,48.6444397
14.0183382,48.64532471
14.02251244,48.64830017
14.02281666,48.64960861
14.02309418,48.6507988
14.02423573,48.65086746
14.02498055,48.65090942
14.02491665,48.65142822
14.0245657,48.65426254
14.02442455,48.65540695
14.03116894,48.65579987
14.03791332,48.65619659
14.04096127,48.65637589
14.04465866,48.65658951
14.05140305,48.65698624
14.05107117,48.65966797
14.05084705,48.66147995
14.05351067,48.66163635
14.05588627,48.66177368
14.05717564,48.66184616
14.05759335,48.66187286
14.05728054,48.66440964
14.0587759,48.66724014
14.05737019,48.6760025
14.04870224,48.67883301
14.04862213,48.67946243
14.04697609,48.67936707
14.04532909,48.67926788
14.04360771,48.6791687
14.04187584,48.6790657
14.03732586,48.67879868
14.03512955,48.67867279
14.03487396,48.68071747
14.03477573,48.68151093
14.0347147,48.68200684
14.03457069,48.6831665
14.03268719,48.68305588
14.03239059,48.6830368
14.02942467,48.68286514
14.02772713,48.68353653
14.0276022,48.68453979
14.0274725,48.68558502
14.0273056,48.68693161
14.02726364,48.6872673
14.02716827,48.68725967
14.02692699,48.68724823
14.0249567,48.68712997
14.02436256,48.68709564
14.0205164,48.68687057
14.01998711,48.69112396
14.01995659,48.6913681
14.01972485,48.69322205
14.01956654,48.69449234
14.01939678,48.69586182
14.01888943,48.6958313
14.01716995,48.69573212
14.0156517,48.69564438
14.01264763,48.69546509
14.012537,48.69635773
14.01224899,48.69867706
14.01208973,48.6999588
14.01106548,48.69989777
14.01022625,48.69984818
14.01036739,48.70066833
14.00469398,48.70474243
14.00004196,48.70808411
13.99864101,48.70909119
13.99702168,48.70919037
13.99310684,48.70942688
13.9899044,48.70975494
13.98083401,48.71068192
13.97625256,48.71143341
13.96971416,48.71250534
13.96956635,48.71367645
13.96933079,48.71554947
13.96257973,48.71515274
13.96253872,48.71514893
13.95975208,48.71498489
13.95582676,48.7147522
13.95549488,48.71738434
13.9554348,48.71786499
13.9537487,48.71982574
13.94852543,48.72245407
13.9435997,48.72307968
13.94119072,48.72293854
13.94116116,48.72293854
13.9344368,48.72253799
13.9339962,48.72603607
13.93387032,48.72703171
13.93370628,48.7283287
13.93330193,48.73152542
13.92967224,48.7313118
13.92911148,48.73127747
13.92834663,48.73123169
13.92820549,48.73122406
13.92654705,48.73112488
13.92630386,48.73304749
13.92620277,48.73384857
13.92338657,48.73589706
13.92085171,48.73773956
13.91882515,48.73972321
13.91865444,48.73971176
13.91862869,48.73991394
13.91842461,48.74151993
13.91827583,48.74269485
13.9180851,48.74420547
13.91552353,48.74405289
13.91468525,48.7440033
13.91429901,48.74398041
13.91371536,48.74435806
13.9131813,48.74470139
13.91143513,48.74582672
13.91103363,48.7461319
13.91096497,48.7466774
13.91075993,48.74829483
13.90823936,48.74814606
13.90787888,48.74812317
13.9076767,48.74811172
13.9040041,48.74789047
13.90372181,48.75011444
13.90367413,48.7504921
13.90356159,48.75137329
13.90343189,48.75238419
13.90236759,48.75231934
13.90108109,48.75224304
13.9000864,48.75218582
13.89667702,48.75198364
13.8963747,48.75453186
13.89630222,48.75514221
13.89613724,48.75653839
13.88875675,48.76053238
13.88846493,48.7606926
13.88765907,48.76112747
13.88113499,48.76463699
13.87817192,48.76623154
13.87691975,48.76642609
13.87435722,48.76682281
13.87424183,48.76772308
13.87411118,48.76874161
13.87098217,48.76855469
13.86735344,48.76833725
13.86702538,48.77090836
13.86677933,48.77283096
13.86522579,48.7727356
13.86001873,48.77242279
13.85325909,48.77201843
13.84649944,48.77161026
13.84435177,48.77148056
13.84380627,48.77144623
13.84249496,48.77136612
13.83973885,48.77120209
13.83962536,48.77208328
13.83586884,48.77183533
13.83586025,48.77146149
13.83504677,48.77098083
13.83497429,48.7707634
13.83354282,48.77072525
13.83106995,48.77082825
13.82713223,48.77196121
13.82421303,48.77228165
13.8209486,48.77235031
13.81665421,48.77342224
13.81316853,48.773983
13.81027412,48.77688599
13.8087759,48.77848816
13.80390263,48.78112793
13.80411434,48.78123856
13.80435371,48.78135681
13.80736351,48.78282928
13.80789089,48.78308868
13.8091774,48.78478241
13.80964851,48.78540421
13.80986977,48.78714371
13.80998516,48.78751755
13.8102684,48.78843307
13.81051731,48.78923798
13.8113575,48.79116821
13.81208324,48.79282761
13.81299019,48.79333496
13.81391716,48.79408264
13.81460285,48.79587555
13.81531811,48.7969017
13.81184292,48.80008316
13.80705643,48.80443954
13.80504227,48.80628204
13.80214214,48.80892181
13.79976749,48.81108093
13.79701519,48.81370163
13.79572582,48.814991
13.79621124,48.8154335
13.79689121,48.81578445
13.79747963,48.81612396
13.79795742,48.81658173
13.7981329,48.81697083
13.79819202,48.81740189
13.79809761,48.81775665
13.79794693,48.81799698
13.79750824,48.81846237
13.79729652,48.81868744
13.79661369,48.81916046
13.79624462,48.81942749
13.79588127,48.81978989
13.79561806,48.82028961
13.79508305,48.82075882
13.7945013,48.82140732
13.79417706,48.82188797
13.79346943,48.8224411
13.79311085,48.82286453
13.79268837,48.82323074
13.7922678,48.82361603
13.79150677,48.82381439
13.79085255,48.82383347
13.79023457,48.82395172
13.78992558,48.82423782
13.78967953,48.82455826
13.78945827,48.82463074
13.78900909,48.8247757
13.78838921,48.82487106
13.78799343,48.82518005
13.78796387,48.825634
13.78840828,48.82603073
13.78906345,48.82646561
13.78962612,48.82683945
13.78968811,48.82688141
13.79043674,48.82736969
13.79108334,48.82768631
13.79178524,48.82791901
13.79225063,48.82820129
13.79230118,48.82849503
13.79223442,48.82883453
13.79233074,48.82938004
13.79269314,48.82987976
13.79309273,48.83022308
13.79256916,48.83025742
13.79209328,48.83027267
13.79161644,48.83026505
13.79110909,48.83026123
13.79076481,48.83044815
13.7906332,48.83070755
13.79023266,48.83095551
13.78994465,48.83103943
13.7897644,48.83108902
13.78921032,48.83126068
13.78849792,48.83130264
13.78769302,48.83130646
13.78713608,48.83100891
13.786973,48.8307991
13.78658104,48.83073044
13.78584576,48.83087158
13.78535175,48.83106232
13.78475666,48.83107758
13.78404331,48.83110046
13.78384495,48.83121109
13.78378487,48.83124542
13.78372097,48.83162308
13.78335094,48.83188629
13.78278446,48.83188629
13.78212166,48.83176804
13.78150463,48.83147049
13.78096008,48.83134842
13.78048706,48.83140182
13.7801218,48.83172607
13.77963352,48.83199692
13.77897453,48.83238983
13.77849483,48.83234787
13.77791119,48.83208847
13.77742004,48.83188629
13.77739143,48.83171844
13.77737045,48.83159256
13.77741432,48.83135605
13.77713108,48.83112717
13.77644825,48.83116531
13.77610016,48.83131409
13.7758131,48.83148193
13.77533722,48.83149338
13.77393341,48.83057022
13.77335453,48.83074951
13.77249241,48.83088303
13.77184486,48.83097458
13.77016544,48.83133698
13.76904964,48.83180618
13.76829052,48.83218765
13.7676363,48.83278656
13.76725197,48.83335495
13.76675892,48.83364868
13.76607037,48.83372879
13.76532173,48.83383179
13.76474667,48.83424759
13.76450348,48.83467102
13.7645092,48.83520889
13.76472092,48.83566284
13.76514721,48.83616638
13.76551533,48.83669281
13.76559353,48.83740997
13.76529121,48.83785629
13.76474667,48.83829117
13.76392746,48.83867264
13.76348495,48.83903122
13.76344013,48.83906555
13.7631073,48.83949661
13.76311207,48.84001541
13.76314545,48.84051132
13.76297283,48.84109497
13.7625885,48.84166336
13.76243877,48.84180069
13.76204872,48.84215546
13.7614727,48.84257126
13.76096344,48.84308624
13.76036358,48.84360123
13.76000881,48.84415054
13.75975227,48.84483337
13.75939369,48.84578323
13.75912571,48.84628677
13.75860214,48.84658432
13.75818825,48.84699631
13.75732899,48.8490181
13.7559967,48.85215759
13.75488377,48.85477829
13.7544508,48.85543823
13.75379848,48.85571671
13.75334454,48.85591125
13.7525444,48.85636139
13.75175095,48.85691071
13.75085545,48.85755539
13.75014687,48.85829163
13.75010872,48.85839462
13.74965763,48.85961533
13.74931335,48.86093521
13.74938011,48.86157227
13.74941349,48.86188507
13.74979305,48.8624115
13.74997044,48.86265564
13.75055981,48.86337662
13.75075531,48.86413193
13.75073433,48.86489487
13.75076294,48.86584473
13.75076485,48.86589432
13.75060654,48.86675644
13.75031662,48.86699677
13.74964809,48.86754608
13.74848557,48.8685112
13.7477684,48.86912537
13.74734306,48.86978149
13.74720192,48.8703804
13.74719143,48.87076187
13.74697304,48.87117767
13.7467432,48.87160873
13.74603081,48.87229919
13.74509144,48.87282562
13.74426174,48.87337494
13.74376202,48.87400818
13.74372864,48.87458038
13.74377155,48.87522125
13.74369812,48.87574768
13.74311256,48.87617111
13.74248123,48.87644958
13.74141788,48.87674332
13.7407217,48.87714386
13.74054241,48.87736893
13.74038887,48.87755966
13.73987865,48.87802505
13.73931789,48.87830734
13.73771191,48.87911224
13.73724365,48.879673
13.73724461,48.88022232
13.73703003,48.88080215
13.73696518,48.88144684
13.73686409,48.88209152
13.73690319,48.88268661
13.73698044,48.8833046
13.7373476,48.88393402
13.73782825,48.88463593
13.73789787,48.88484573
13.73805428,48.88531876
13.73792934,48.885849
13.73743057,48.88599777
13.73705196,48.8859024
13.73683453,48.88573074
13.73645973,48.88552475
13.7358532,48.88563919
13.73547459,48.88591003
13.73526859,48.88608551
13.73521137,48.88629913
13.73478699,48.88643265
13.73426628,48.88644791
13.7340374,48.8864975
13.73371792,48.8866539
13.73325825,48.8868103
13.73281002,48.88681412
13.73247051,48.88681412
13.73195267,48.88673019
13.73148632,48.88676453
13.73114109,48.88701248
13.7305336,48.88710403
13.73005199,48.88692474
13.72967434,48.88667679
13.729105,48.8862648
13.72879124,48.88589096
13.72879982,48.8854866
13.7288847,48.88512802
13.7286787,48.88475037
13.72836685,48.88440323
13.72809601,48.88412476
13.72799683,48.88372421
13.72771454,48.88327789
13.72733307,48.88298035
13.72710991,48.8829155
13.7267437,48.88280487
13.72611809,48.88263321
13.72562599,48.88228989
13.7253828,48.88189316
13.72521782,48.88158798
13.72473526,48.88138962
13.72404099,48.88127899
13.72316933,48.88073349
13.72268772,48.88041687
13.72239494,48.88004684
13.72202969,48.87975311
13.72147369,48.87946701
13.72088242,48.8792305
13.72021866,48.87907028
13.71947765,48.87889099
13.71862888,48.8788147
13.71796513,48.87865448
13.71740437,48.87829208
13.71681976,48.87815857
13.71605492,48.87820435
13.71534061,48.87842941
13.71469975,48.87859726
13.71424007,48.87861252
13.71367359,48.87875366
13.713274,48.87909698
13.71259975,48.87934113
13.71173382,48.87959671
13.71094513,48.87984467
13.71038055,48.88001251
13.70976543,48.88000488
13.70918751,48.87997437
13.70853615,48.87998962
13.70758915,48.88016891
13.70679474,48.88034439
13.70578957,48.88061523
13.70439148,48.88114929
13.70385838,48.88121414
13.70322037,48.88143539
13.70258427,48.88167953
13.70193195,48.88167572
13.70131397,48.88161469
13.70058632,48.88163757
13.70003605,48.88145065
13.69924355,48.88106918
13.69834232,48.88079071
13.6973381,48.88069153
13.6963768,48.88066864
13.69572067,48.88061142
13.6950531,48.88037872
13.69468212,48.87998581
13.69449997,48.87955856
13.69406033,48.87929535
13.69347572,48.87932968
13.69278049,48.87929153
13.69227409,48.87919235
13.69167042,48.87893677
13.69124126,48.87868881
13.69053936,48.87859344
13.68981361,48.87847137
13.68913269,48.87836456
13.68839264,48.87835693
13.68770695,48.87850571
13.68713856,48.87879181
13.68636227,48.87921524
13.68559742,48.87949753
13.68454838,48.87974167
13.68372631,48.87980652
13.68281174,48.879776
13.68188667,48.87960434
13.68119431,48.87932205
13.68072319,48.8788414
13.67830276,48.87877655
13.67623806,48.87871552
13.67391396,48.87927628
13.67160225,48.88006973
13.66991806,48.88245392
13.6694479,48.88320541
13.66922569,48.88356018
13.66951561,48.88580704
13.66953087,48.88592911
13.66917992,48.88631058
13.66797638,48.88761902
13.66813374,48.88787842
13.66958237,48.89026642
13.66711426,48.89186096
13.6658802,48.89265823
13.6650629,48.89318466
13.66125393,48.89422226
13.6602335,48.89448547
13.65758991,48.8939476
13.6556654,48.8935585
13.65519714,48.89346695
13.65444851,48.89474869
13.65390015,48.8956871
13.65266514,48.89780426
13.65142632,48.89992905
13.64874077,48.90459824
13.64817524,48.90558243
13.6474762,48.90679169
13.64663696,48.90855789
13.64618111,48.90956497
13.64530182,48.91136932
13.64371681,48.91370773
13.64159298,48.91684341
13.63993835,48.91641235
13.63808632,48.91905975
13.63797188,48.92001724
13.63766861,48.92256927
13.63755894,48.92298126
13.63716412,48.92447281
13.63720131,48.92463303
13.63745594,48.92536926
13.63801861,48.92569733
13.6354208,48.92807007
13.63482285,48.92861557
13.63269615,48.93060303
13.63256741,48.9305954
13.63232136,48.93059921
13.63114071,48.93061829
13.63038158,48.93134308
13.62233543,48.93899536
13.62415123,48.94235611
13.62524033,48.94307709
13.63073826,48.94672394
13.63075829,48.94710541
13.6302824,48.94773102
13.6297121,48.94831848
13.62952518,48.94849777
13.62922096,48.9487915
13.62866879,48.94920731
13.62804604,48.94943237
13.62758541,48.94948578
13.6268177,48.9492569
13.62598896,48.94899368
13.62522793,48.94886398
13.62411976,48.94876099
13.62319374,48.94876862
13.62242031,48.94890594
13.62181187,48.94890213
13.62140274,48.94885635
13.62091923,48.94854736
13.62043762,48.94825363
13.61981487,48.94804382
13.61905098,48.94787216
13.61837387,48.9477005
13.61775303,48.94750977
13.61709499,48.9471817
13.61668396,48.94665909
13.61624813,48.94617462
13.61560726,48.94567871
13.61490631,48.94514465
13.61417675,48.9446106
13.61337566,48.94430923
13.61247635,48.94429779
13.61167336,48.94441605
13.61074829,48.94444275
13.60975552,48.94431686
13.6088438,48.94411087
13.60818863,48.94382477
13.60778809,48.94345474
13.60779095,48.9430542
13.60816669,48.94269943
13.60825157,48.94232941
13.60798645,48.9418602
13.60787582,48.94155121
13.60854053,48.94048691
13.60548496,48.94168091
13.60507584,48.94190979
13.60453701,48.94229507
13.603755,48.94256592
13.60311604,48.94286346
13.60248661,48.9433136
13.60214329,48.94381714
13.60180759,48.94444656
13.60118198,48.94495773
13.6009531,48.94505692
13.59989834,48.94546127
13.59869957,48.94583511
13.59783173,48.94622803
13.59702301,48.94680786
13.59644699,48.94734955
13.59587383,48.94795609
13.5952549,48.94856262
13.59474659,48.94926071
13.5938282,48.9497757
13.59311485,48.95038605
13.59255028,48.95111465
13.59216118,48.95164871
13.59163189,48.9521904
13.59072876,48.95277405
13.59025192,48.95340729
13.58978939,48.95425415
13.58949947,48.95488358
13.5895319,48.95537567
13.58953571,48.95618057
13.58961678,48.956707
13.59019947,48.95700073
13.59054375,48.95723724
13.59051704,48.95772171
13.59098244,48.95821762
13.59173012,48.95887756
13.59233665,48.95954132
13.5926733,48.96039963
13.59280777,48.96082687
13.59256649,48.96166992
13.59231663,48.96217346
13.59173393,48.9626236
13.59109306,48.96288681
13.5905962,48.96321106
13.59003258,48.96339798
13.58949947,48.96370697
13.58914089,48.96399689
13.58884239,48.96446609
13.58872318,48.96481323
13.58816624,48.96521378
13.58746052,48.96565247
13.58711433,48.96612549
13.58691311,48.96665573
13.58656883,48.96716309
13.58618641,48.96783447
13.58557701,48.96841812
13.58547783,48.96851349
13.58516312,48.96864319
13.58229828,48.96982574
13.57285881,48.97871399
13.56909847,48.98277283
13.56408882,48.98670578
13.56242371,48.9888649
13.5598402,48.99339294
13.55569077,48.99741745
13.55457687,48.99969482
13.55436993,49.00217056
13.55500793,49.00457764
13.55567169,49.00566864
13.55892944,49.00879288
13.56034756,49.0111351
13.56235218,49.01807785
13.56344128,49.02071381
13.56422901,49.02188873
13.56750584,49.02521515
13.5682478,49.02637863
13.56920815,49.02899551
13.57091427,49.03593445
13.5715723,49.03720856
13.57347775,49.0392189
13.57985306,49.04330444
13.58296013,49.04450607
13.58698368,49.04519272
13.59767342,49.04616165
13.59967041,49.04652786
13.60290527,49.04759216
13.60655785,49.04943085
13.61224747,49.05170822
13.61546516,49.05350113
13.61818218,49.05574417
13.62007236,49.05850601
13.62108135,49.06308365
13.6209383,49.06612015
13.62021637,49.06899261
13.61876011,49.07151413
13.61532307,49.07476044
13.61452389,49.07588577
13.61340046,49.07846451
13.61122417,49.08533859
13.60957336,49.08768845
13.60554981,49.09050369
13.59937286,49.09542847
13.59806442,49.09719467
13.59778976,49.09822083
13.59798908,49.1003685
13.59852314,49.10157013
13.60248089,49.10737228
13.60435677,49.1118927
13.60487843,49.11405945
13.6035862,49.12657928
13.60313511,49.1344986
13.6034832,49.13903046
13.60452271,49.14186096
13.60664272,49.14413834
13.60954094,49.14559174
13.61317921,49.14631271
13.61687565,49.14630508
13.63173676,49.1437645
13.63513184,49.14269638
13.6385498,49.14092255
13.64144993,49.13993073
13.6451292,49.13946915
13.6489296,49.13960266
13.65074825,49.13991547
13.65368271,49.14099884
13.65673256,49.14293671
13.66132545,49.1453743
13.66554642,49.14829636
13.67569447,49.15255356
13.68041325,49.1571846
13.68261147,49.15880966
13.68585014,49.16006851
13.69443989,49.16233063
13.69920063,49.16483688
13.70479393,49.16716003
13.7093277,49.17004395
13.71158314,49.17251205
13.71286106,49.17533112
13.71428776,49.18696213
13.71526337,49.18954086
13.71609116,49.19068527
13.7172327,49.19166946
13.71865559,49.19242096
13.72669601,49.19445419
13.72821522,49.19502258
13.73028278,49.19641876
13.7313776,49.19826126
13.73121738,49.20264816
13.73057747,49.20521164
13.72941399,49.20766068
13.72763634,49.20959473
13.72477818,49.21184158
13.72311687,49.2139473
13.7203331,49.21853638
13.7156868,49.22263336
13.71481895,49.22373199
13.71323872,49.22748566
13.71255398,49.23129272
13.71283531,49.23426056
13.714221,49.23604202
13.71635437,49.23743439
13.71992397,49.23910141
13.72440434,49.24176025
13.73008156,49.24399185
13.73331547,49.24568176
13.73605156,49.24782562
13.73710537,49.24907303
13.73829269,49.25181961
13.73846245,49.25320816
13.73804283,49.25589371
13.73654175,49.25824738
13.72846317,49.26378632
13.72410202,49.2663269
13.72249317,49.26813889
13.72148705,49.27013779
13.72101307,49.27213669
13.7215929,49.27441788
13.72346497,49.27656174
13.72607136,49.27842331
13.72909164,49.28001785
13.7364378,49.28289795
13.74386406,49.28768539
13.74555016,49.28960037
13.74622536,49.29199219
13.7459631,49.29439926
13.74486542,49.2965126
13.74191475,49.299366
13.74142361,49.30027771
13.74113178,49.30235291
13.74134922,49.30345154
13.74265671,49.30587769
13.74796867,49.3122406
13.75753784,49.31879425
13.76233101,49.3211441
13.76555157,49.32309341
13.76821518,49.32423782
13.77483177,49.32598495
13.77785873,49.32742691
13.77898502,49.32847595
13.78031254,49.33093643
13.78088665,49.33365631
13.7817564,49.34211731
13.7827816,49.34465408
13.78365326,49.34576797
13.78568268,49.34732819
13.79209995,49.35126877
13.79483223,49.35213089
13.80070591,49.35349274
13.80340958,49.3547287
13.80465603,49.35582733
13.80608845,49.35842133
13.80646515,49.36269379
13.80580807,49.36549377
13.8051796,49.3667984
13.8043108,49.36798859
13.7997961,49.37208939
13.7964201,49.37777328
13.79208946,49.3820076
13.79127884,49.38315582
13.79018879,49.38574219
13.78868484,49.39130402
13.78747177,49.39392471
13.78559494,49.39596176
13.78190327,49.39858246
13.7793417,49.40089798
13.773489,49.40769196
13.7782383,49.41192245
13.78302383,49.41722107
13.78699493,49.42031479
13.78863716,49.42247009
13.79120636,49.42701721
13.79548836,49.43117523
13.79630947,49.43237305
13.79728794,49.43509674
13.7976141,49.4380722
13.79741764,49.44116211
13.7960043,49.44574356
13.79243374,49.45100403
13.79094982,49.4538002
13.78862858,49.46277237
13.78752136,49.46543884
13.78669071,49.46660995
13.78240108,49.47082138
13.77905083,49.47649384
13.77717209,49.47829819
13.77304935,49.48139954
13.76613235,49.48905945
13.76465988,49.49175262
13.76428127,49.49315262
13.76417732,49.49592209
13.76500893,49.4985199
13.76586819,49.49968719
13.76791954,49.50128555
13.77449799,49.50521851
13.7780056,49.50626373
13.78783989,49.50807571
13.79296303,49.50967026
13.80214977,49.51298904
13.80832005,49.51607513
13.81003571,49.51663971
13.81388855,49.51740265
13.82379723,49.51833725
13.82714462,49.51842117
13.83560276,49.51725006
13.8463707,49.51488113
13.85019779,49.51491547
13.85381126,49.51573181
13.86165237,49.51834869
13.86631012,49.52092743
13.86922455,49.52215576
13.87501335,49.52326202
13.88430977,49.52382278
13.88781261,49.52330399
13.88952541,49.52274704
13.89262676,49.52127457
13.89659595,49.51857376
13.90067673,49.51501083
13.90343285,49.51353836
13.90708447,49.51249695
13.91516399,49.51077652
13.92668343,49.50701523
13.93671417,49.5045166
13.9456377,49.50756073
13.95205402,49.51071167
13.95658493,49.51197052
13.96293068,49.51282883
13.97451019,49.51229095
13.98132133,49.51242828
13.98556519,49.51301193
13.98918533,49.51432037
13.9914093,49.51626968
13.9941473,49.52048111
13.9959631,49.52217102
14.00324631,49.5268898
14.01279736,49.52998352
14.01537132,49.53173828
14.01696682,49.53401947
14.02025509,49.5404129
14.02605247,49.54725647
14.02816868,49.54912186
14.03242207,49.55125427
14.0414257,49.55472565
14.04592609,49.55580521
14.05087662,49.55640793
14.05838585,49.55670929
14.06562424,49.55641937
14.0700531,49.55567932
14.07204819,49.55502319
14.07378769,49.55409241
14.0750494,49.55295563
14.075881,49.55172348
14.07791042,49.54384995
14.07927513,49.54146957
14.08115864,49.53987885
14.08627415,49.53642273
14.08946896,49.53512573
14.09607029,49.53416824
14.11337376,49.53358078
14.12359524,49.53263474
14.12747192,49.53249359
14.13134003,49.53267288
14.14151764,49.53374481
14.16431141,49.534729
14.1796608,49.53646469
14.19998169,49.53708267
14.20720673,49.53788757
14.21368217,49.53964615
14.21660233,49.54084015
14.21784973,49.54161453
14.21983624,49.54372025
14.22313309,49.54920959
14.22685432,49.55233765
14.23162556,49.55703354
14.23471165,49.55893326
14.23650646,49.55973816
14.2405777,49.56089401
14.24495506,49.56142044
14.24936485,49.5615387
14.2586441,49.56114197
14.27186394,49.56238556
14.2772007,49.56362915
14.28194714,49.56576157
14.28360462,49.56620026
14.28728008,49.56663513
14.29107475,49.56649399
14.29457855,49.56568146
14.30337238,49.56070328
14.30718136,49.55775452
14.31629467,49.55262756
14.31968021,49.55155945
14.32743645,49.54993057
14.32936954,49.549366
14.33289146,49.54784393
14.33588886,49.5459671
14.34094143,49.54143524
14.34995174,49.53600311
14.35372162,49.53491974
14.35804653,49.53435898
14.36505222,49.53404236
14.37464619,49.53414917
14.38153076,49.53467178
14.38567066,49.53543091
14.38885212,49.53661728
14.39376068,49.53913116
14.41145134,49.54615021
14.41768932,49.5492897
14.42133617,49.55036545
14.42956161,49.55193329
14.43527889,49.55369186
14.44392776,49.5491333
14.4492836,49.54677963
14.45687199,49.544384
14.4665699,49.54062653
14.4765749,49.5372467
14.4862442,49.54213333
14.49218941,49.54433823
14.49897194,49.54545212
14.50598621,49.54578781
14.51512718,49.54550552
14.52124691,49.54456329
14.52429199,49.54343414
14.52780437,49.54164886
14.53103638,49.54062271
14.53800488,49.53892136
14.54429722,49.53617859
14.54602909,49.5357132
14.54994583,49.5352478
14.55415535,49.53532028
14.55837727,49.53591156
14.56820393,49.53878021
14.57282066,49.53956985
14.58011436,49.54000473
14.58745384,49.53964233
14.59216499,49.53878403
14.59424114,49.53813934
14.59807491,49.5365448
14.60708809,49.53210068
14.610919,49.53067017
14.62280464,49.5281105
14.62446976,49.52755737
14.6293478,49.52521515
14.6391573,49.52223206
14.64149284,49.52059937
14.64483929,49.51559448
14.64601612,49.5146904
14.64736557,49.51405716
14.64888191,49.51361847
14.65216923,49.51324844
14.65552711,49.51350784
14.65714073,49.51388168
14.65992165,49.51516724
14.66675568,49.52132034
14.67664909,49.52856827
14.68550777,49.53438187
14.69281864,49.53843689
14.70058346,49.54156876
14.70419121,49.54346466
14.70718384,49.54450989
14.71084118,49.54513931
14.72061539,49.54600906
14.72426701,49.54663467
14.72591686,49.5471344
14.7340374,49.55125046
14.7361517,49.55269241
14.73750401,49.55450821
14.73772621,49.55750275
14.73643589,49.5643425
14.73313332,49.57348251
14.73251915,49.57931519
14.73319626,49.58512497
14.73655987,49.59241867
14.73899841,49.59609985
14.7469759,49.60472107
14.75137615,49.60754776
14.75515842,49.61057663
14.7627449,49.61497879
14.76574039,49.61608887
14.76950645,49.61655807
14.77335835,49.6164093
14.77519512,49.61610794
14.77818394,49.6151123
14.78308296,49.612854
14.79187012,49.61070251
14.79981613,49.60717773
14.80689716,49.60549927
14.81019115,49.6044426
14.81626225,49.60120392
14.82639694,49.59746933
14.83044624,49.5962677
14.83685589,49.59541321
14.84118557,49.5953064
14.84538746,49.5954895
14.85101128,49.59634399
14.85716438,49.59883881
14.85861397,49.59916306
14.86187553,49.59937286
14.86360264,49.59923935
14.86736965,49.59839249
14.8739109,49.59591293
14.87662697,49.5945549
14.87779999,49.59367752
14.87946606,49.59125137
14.88008308,49.58729172
14.87951756,49.58263779
14.87966061,49.58061218
14.88134098,49.57657242
14.88281441,49.5746994
14.88378811,49.57390976
14.88691235,49.57188034
14.89068413,49.56883621
14.89517689,49.56611633
14.90024471,49.56152344
14.90467644,49.55866623
14.91195297,49.55547333
14.915452,49.55340195
14.91825104,49.55209351
14.92928982,49.54839325
14.94103241,49.54351425
14.94124985,49.53950882
14.9418993,49.53676605
14.94317436,49.53409958
14.94658184,49.52884293
14.94779491,49.52573776
14.94871807,49.51928711
14.94834042,49.51456833
14.94732189,49.51164627
14.94524765,49.5091095
14.94271469,49.50760651
14.92745686,49.5010376
14.92507362,49.4990387
14.92357826,49.49631882
14.92264557,49.49174118
14.92244244,49.48686981
14.92267036,49.47855759
14.92327785,49.47208786
14.92392731,49.46907425
14.92502403,49.46636963
14.92896843,49.46193695
14.93014812,49.45960617
14.93062115,49.45696259
14.93045521,49.45417786
14.92971706,49.45163727
14.92221165,49.43453598
14.92069912,49.43224335
14.91637993,49.4278717
14.91263008,49.42017746
14.90911102,49.41501236
14.90767002,49.412117
14.90656281,49.40729904
14.90537643,49.39578247
14.90264511,49.38584518
14.90204239,49.37756348
14.9028759,49.36935043
14.90740585,49.35766602
14.90905762,49.35538864
14.91394997,49.35135651
14.91970539,49.34486771
14.9215374,49.3422699
14.92266941,49.33926773
14.92307568,49.33619308
14.9226408,49.3317337
14.92080784,49.32793427
14.91835976,49.32562256
14.91698647,49.32375336
14.91628075,49.32018661
14.91683483,49.3177948
14.91820717,49.31584167
14.92145443,49.31258774
14.92411423,49.30810547
14.92586708,49.30600357
14.93774223,49.29719543
14.94041348,49.2934227
14.94851398,49.29180908
14.95770264,49.28853226
14.96174526,49.28113174
14.96683025,49.27372742
14.97134781,49.26962662
14.974576,49.26439285
14.97549438,49.26338196
14.97677708,49.26247025
14.97841167,49.26177597
14.98208237,49.26111984
14.98584366,49.26123428
14.98764038,49.2615509
14.99055576,49.26261139
14.99502754,49.26516724
15.00484562,49.2690773
15.0088129,49.27036285
15.01581383,49.27140808
15.02288246,49.27147675
15.02731705,49.2710228
15.03122234,49.27002716
15.03740406,49.26691818
15.04914474,49.26227188
15.0683136,49.25645828
15.07564926,49.25556183
15.09273434,49.25494385
15.09704876,49.25429535
15.09897423,49.25370026
15.10149288,49.25239944
15.10661316,49.24904633
15.10830498,49.24698639
15.10875511,49.24572754
15.10888863,49.24308014
15.1081562,49.24041748
15.10650635,49.23787689
15.10315037,49.23446655
15.10145283,49.23209763
15.10115623,49.23073578
15.10144997,49.22932434
15.10340214,49.22682571
15.1065731,49.22484207
15.10851192,49.22409058
15.11066532,49.22355652
15.11440468,49.22328568
15.11804008,49.22366714
15.12529373,49.22587585
15.1291256,49.22676849
15.13319016,49.22710037
15.13520813,49.22703552
15.13902855,49.22629929
15.14069653,49.22553635
15.14202976,49.22447205
15.14291286,49.22328568
15.14386559,49.22072983
15.14500904,49.21541214
15.14552212,49.21414566
15.14706612,49.21206665
15.14978981,49.20965958
15.15320587,49.20595551
15.15593529,49.20386505
15.15938663,49.20211029
15.16356468,49.20095062
15.16580009,49.20065308
15.1703434,49.20051193
15.1748476,49.20091629
15.17702866,49.20133591
15.18099499,49.20255661
15.19084167,49.20636749
15.19566822,49.20898056
15.19860554,49.21018982
15.20238876,49.21105957
15.21606636,49.21324158
15.22578907,49.21397018
15.25105667,49.2141304
15.26098347,49.21456909
15.26577854,49.21515274
15.2786932,49.21760178
15.29280186,49.21980286
15.32217312,49.22000504
15.3334837,49.21970367
15.33895016,49.21902466
15.34159279,49.21841431
15.34585667,49.2168045
15.34950638,49.21470261
15.35248661,49.21219635
15.35464096,49.20917511
15.35584354,49.20587158
15.35698223,49.19875717
15.35654354,49.19542694
15.35416508,49.1883049
15.35252857,49.18570709
15.34950829,49.18251419
15.34841728,49.17990494
15.34842777,49.17710495
15.34967136,49.17445755
15.35696125,49.1685791
15.37472343,49.15795135
15.38161564,49.1548996
15.38610077,49.15258789
15.40301514,49.14261246
15.41218472,49.13870621
15.41697979,49.13617706
15.4205637,49.13527679
15.42465019,49.1348381
15.44482422,49.13445663
15.45108032,49.13391113
15.45462513,49.1330719
15.45957088,49.1308403
15.46116161,49.13036346
15.46479034,49.12969208
15.47648525,49.12828827
15.47973919,49.12742615
15.48317528,49.12575912
15.48589611,49.12484741
15.49084663,49.12437439
15.49576473,49.12488174
15.49844933,49.12576294
15.50192833,49.12739182
15.50552654,49.12832642
15.51618385,49.12968063
15.52020359,49.13041687
15.5219717,49.13093948
15.52702522,49.1331749
15.53275585,49.13439178
15.54170895,49.13504028
15.55869198,49.13558578
15.5617857,49.13533401
15.56460571,49.13443375
15.5668602,49.1330452
15.57228088,49.12865067
15.57390022,49.12664032
15.57479763,49.12282181
15.57426929,49.11686707
15.57447433,49.11482239
15.57584,49.11181259
15.57730389,49.10984802
15.57949257,49.10819244
15.58707905,49.10470581
15.59207344,49.10182953
15.5965271,49.0984726
15.5988102,49.0958786
15.600214,49.09283447
15.60083771,49.08965302
15.60092068,49.08025742
15.58667088,49.07948303
15.57060909,49.0772171
15.56468487,49.07558441
15.56199932,49.07404327
15.55904961,49.07063675
15.55608654,49.06399155
15.55192471,49.05750275
15.54837132,49.04973221
15.54422092,49.04534912
15.54293633,49.04346466
15.54116821,49.03949738
15.54020023,49.03336334
15.53819275,49.02994156
15.53425694,49.0268631
15.52360439,49.02180099
15.5207653,49.02070999
15.51402283,49.01896667
15.51086712,49.01756668
15.50859928,49.01544571
15.50720692,49.01301956
15.50561523,49.00832367
15.50531578,49.00627518
15.50586033,49.0040741
15.50654793,49.00304794
15.50901985,49.00128174
15.51237583,49.00027084
15.52280426,48.99821854
15.52727604,48.99676514
15.52990437,48.99542236
15.53203106,48.9933548
15.53493309,48.98857117
15.53687,48.98619843
15.53944778,48.98406601
15.54246616,48.98225784
15.55165386,48.9779129
15.55473518,48.97680664
15.56996155,48.97405624
15.57654095,48.97217178
15.57946205,48.97077179
15.5817318,48.96899033
15.582798,48.96770096
15.58730984,48.95751572
15.59156704,48.95117569
15.58499432,48.94539642
15.57802486,48.94141769
15.5739336,48.93845749
15.56938362,48.9359436
15.56552219,48.9329834
15.56107235,48.93024063
15.55474758,48.9244194
15.54528046,48.91762924
15.53847694,48.9112854
15.53594685,48.90907669
15.53477383,48.90902328
15.53352928,48.90896988
15.52798176,48.90872574
15.52782154,48.91044235
15.52756214,48.91322708
15.52077293,48.91292953
15.51757813,48.91279221
15.51398087,48.9126358
15.50719166,48.91233826
15.50677013,48.9168396
15.50666332,48.91797638
15.50634575,48.92134094
15.50350666,48.92121506
15.49955559,48.9210434
15.4991684,48.92516327
15.49913216,48.92554474
15.4988699,48.9283371
15.49870872,48.93004608
15.49828529,48.93454742
15.49786091,48.93904877
15.49106693,48.93875122
15.48934078,48.93867493
15.48427486,48.93845367
15.48404598,48.94086838
15.48384857,48.94295502
15.47943497,48.94276047
15.4770546,48.94265366
15.47025967,48.94235611
15.46987152,48.94646072
15.46983433,48.94685745
15.46975613,48.94768143
15.46940804,48.9513588
15.46430111,48.95113373
15.46261215,48.95105743
15.46268177,48.95032501
15.4628458,48.94860458
15.46304035,48.94655609
15.45815468,48.94633865
15.45624447,48.94625473
15.45536709,48.94621658
15.45448399,48.94617844
15.44944954,48.94595337
15.44924927,48.94805908
15.44924068,48.94815063
15.44902134,48.95045471
15.44355106,48.95021439
15.44244289,48.95016479
15.44222736,48.95015335
15.43543339,48.94985199
15.43215275,48.94970703
15.43079662,48.949646
15.42863655,48.94955063
15.42184162,48.94924545
15.42153358,48.95248032
15.42141247,48.9537468
15.4187603,48.95362854
15.41461754,48.95344543
15.41438866,48.95582962
15.41418457,48.95794678
15.41052532,48.95778275
15.40738773,48.9576416
15.40722179,48.95936966
15.40695477,48.96214294
15.40015888,48.96183777
15.40006065,48.96183395
15.39336205,48.96153259
15.39309692,48.96429062
15.39292908,48.96603394
15.38987255,48.96589661
15.38613319,48.96572876
15.38590908,48.96805191
15.38569832,48.9702301
15.38239098,48.97008133
15.37890053,48.96992493
15.37867355,48.97226715
15.37846375,48.97442627
15.37525654,48.97428131
15.37166691,48.97412109
15.37143612,48.97650146
15.37123013,48.97862244
15.36786366,48.97846985
15.36443329,48.97831345
15.364254,48.98015976
15.36421871,48.98051834
15.36399555,48.98281479
15.3571949,48.9825058
15.35314369,48.98232269
15.35039616,48.98220062
15.34359741,48.98189163
15.33679867,48.98158264
15.33569241,48.98153305
15.3299999,48.98127365
15.32943726,48.98124695
15.32765865,48.98116684
15.32320118,48.98096466
15.32323265,48.98065186
15.31987381,48.98138046
15.31770611,48.98184967
15.31039619,48.98170471
15.30605793,48.98161697
15.30383587,48.98280334
15.30159569,48.98399734
15.30073738,48.98445511
15.29557133,48.98721695
15.29406071,48.99108887
15.29303455,48.99371719
15.28853989,48.9950676
15.28713703,48.99548721
15.28572941,48.99591064
15.28197861,48.99703598
15.27705383,48.99472809
15.27809334,48.99246216
15.27898216,48.99052429
15.27945805,48.98948669
15.27972889,48.98594284
15.27991581,48.98350143
15.28006935,48.98150635
15.27705097,48.97465897
15.27696705,48.97459793
15.2765522,48.9743042
15.27609158,48.97397614
15.27620506,48.97282028
15.27650356,48.96977997
15.27337933,48.96963501
15.26970768,48.96946716
15.26996708,48.96684647
15.27015209,48.96496964
15.26801014,48.96487045
15.26496029,48.96472931
15.26373005,48.9609108
15.2635355,48.96030807
15.26332664,48.95965958
15.26289845,48.95833206
15.26250839,48.9571228
15.26089191,48.95775986
15.25113392,48.96159363
15.25061321,48.96179962
15.24682999,48.96328735
15.24464607,48.9626236
15.24141026,48.96164322
15.2379961,48.96060562
15.22832489,48.9617157
15.22605515,48.9619751
15.22283077,48.96234512
15.21068287,48.95848846
15.19998455,48.95375824
15.19866657,48.95260239
15.19719696,48.9513092
15.19648838,48.95068741
15.19410038,48.94858932
15.19323063,48.94782639
15.19255543,48.94723129
15.19000435,48.94732666
15.18474579,48.94752121
15.18267059,48.94818878
15.17758083,48.94982147
15.17707157,48.94957733
15.17617035,48.94914246
15.17609787,48.94985962
15.17607212,48.9501152
15.17592812,48.95153427
15.17049122,48.95127869
15.16973019,48.95124054
15.16913414,48.95121384
15.16867828,48.95571518
15.16822529,48.96021652
15.16795444,48.96288681
15.16911602,48.96342468
15.16933727,48.96352768
15.1703968,48.96914673
15.16722393,48.97178268
15.16399193,48.97446823
15.16363621,48.97719955
15.16322899,48.98032379
15.16091824,48.98132706
15.15853405,48.98236465
15.15914917,48.98239517
15.1587553,48.98628616
15.15874577,48.98638153
15.15873528,48.98648453
15.15869331,48.98689651
15.15858269,48.98797989
15.1582346,48.99139786
15.15785694,48.995121
15.15777969,48.99589539
15.15642643,48.99583054
15.15554523,48.99626923
15.15484047,48.99662018
15.15167427,48.99819565
15.14536953,48.9990921
15.14202309,48.99956894
15.13884735,49.00001907
15.13543224,49.0000267
15.12923431,49.00004196
15.12699795,49.00004959
15.11435604,48.99965286
15.11342812,48.99962234
15.11092281,48.99954605
15.10958862,48.99943542
15.10281372,48.99888229
15.1028862,48.99818039
15.10292339,48.99781418
15.09811592,48.9975853
15.09612179,48.99748993
15.08932114,48.99716568
15.08252239,48.99684143
15.08124065,48.9967804
15.07572365,48.99651337
15.0689249,48.9961853
15.06846046,49.00068665
15.0683012,49.00222778
15.06799507,49.00518799
15.06797504,49.00537491
15.06965923,49.00704575
15.07117939,49.00855255
15.07130909,49.00902557
15.07238674,49.01295853
15.06739998,49.01643372
15.05922508,49.01620483
15.05680466,49.01447678
15.0556221,49.01363373
15.05428886,49.01268387
15.05131817,49.01263428
15.04446316,49.01251984
15.043046,49.01302719
15.03985691,49.0128746
15.03305626,49.01254654
15.03299427,49.01314163
15.03282166,49.01479721
15.03258705,49.01704407
15.0257864,49.016716
15.01898479,49.01638412
15.01918697,49.01443481
15.0194521,49.0118866
15.01265335,49.01155472
15.00881863,49.01137161
15.00773811,49.01131821
15.00637531,49.01125336
15.00585175,49.01122665
14.99905109,49.01089478
14.99945736,49.0070076
15.0028801,49.00519562
15.00389862,49.00465775
15.00363922,49.00374222
15.00251293,48.99979019
15.00081539,48.99406052
15.00093937,48.99289703
14.99956036,48.99282837
14.99529266,48.98864746
14.99458218,48.98833847
14.99461174,48.98806763
14.99387455,48.98803329
14.99053478,48.98658371
14.98644543,48.98480606
14.98438644,48.98199081
14.98227215,48.97909927
14.97959709,48.96931076
14.97952557,48.95905304
14.98191833,48.95111084
14.98232937,48.94974518
14.98646641,48.94179916
14.98567677,48.93567276
14.9849844,48.93437958
14.98307705,48.93081665
14.98576927,48.92477417
14.98768139,48.92312622
14.98821259,48.92266846
14.9922657,48.91917419
14.9930582,48.915905
14.99406242,48.91175842
14.99514484,48.90304184
14.99488449,48.90259171
14.99120903,48.89623642
14.99073696,48.89476395
14.99088669,48.89333725
14.99093056,48.89291382
14.99070358,48.89290237
14.99013138,48.89287567
14.98847485,48.88771439
14.98860359,48.87984848
14.98860836,48.87957001
14.98240471,48.87679672
14.98155212,48.87696457
14.98140621,48.87699127
14.98005867,48.87725449
14.97891331,48.87747574
14.97906017,48.87606812
14.97924995,48.87425232
14.97763729,48.87417221
14.9751358,48.87405014
14.97414494,48.85884476
14.97498798,48.85797882
14.97758865,48.85531235
14.98072338,48.85209656
14.98104763,48.85172653
14.98160934,48.85175323
14.98168659,48.85100555
14.98208141,48.84725189
14.97664547,48.84698486
14.9753027,48.84692001
14.97549629,48.84506989
14.97555637,48.84449768
14.97577477,48.84242249
14.97375107,48.8423233
14.97177219,48.84222412
14.97075558,48.84161377
14.96940708,48.83820343
14.96754074,48.83349609
14.96733475,48.83297348
14.96709633,48.82984161
14.96698761,48.82841873
14.9666853,48.82448959
14.96424198,48.82251358
14.96458435,48.81925583
14.96222401,48.81913757
14.96013069,48.81903458
14.95816612,48.8155365
14.95828438,48.81442261
14.95875645,48.80992126
14.95894337,48.80815125
14.95923042,48.80542374
14.95970154,48.80092239
14.95849323,48.80086136
14.95737267,48.80080795
14.95584965,48.7947998
14.95967197,48.79186249
14.96269512,48.78953552
14.97100353,48.78710556
14.97449589,48.78608322
14.97542286,48.78529358
14.97729683,48.78369522
14.98031807,48.78384399
14.98059177,48.78385925
14.9818964,48.7839241
14.981987,48.78300476
14.98212337,48.78163147
14.98234463,48.77939606
14.98257732,48.77919769
14.98303604,48.77880478
14.98220825,48.77733994
14.98090172,48.77502823
14.98084831,48.77493286
14.98009777,48.77360535
14.97862816,48.77266312
14.97275162,48.76889038
14.97146702,48.76789474
14.96967602,48.7665062
14.96167755,48.76031113
14.96083927,48.76026917
14.95209026,48.76345825
14.9499836,48.76391602
14.94994736,48.76425552
14.94870472,48.76419449
14.94496536,48.76400757
14.94318295,48.76391983
14.93641567,48.76358414
14.93617153,48.76590347
14.93603802,48.76717758
14.93601513,48.76739502
14.9359417,48.76808548
14.9333849,48.76795959
14.93280983,48.76792908
14.92917538,48.76774979
14.92899799,48.76774216
14.92240906,48.76741409
14.92219639,48.76943207
14.92216682,48.76971436
14.92213058,48.77006149
14.92193508,48.77191162
14.91516781,48.77157593
14.91198063,48.77141953
14.91087151,48.7713623
14.90840054,48.77124023
14.90821171,48.7712326
14.90163422,48.77090073
14.90143681,48.77277374
14.90139294,48.77318954
14.90132427,48.77383804
14.897645,48.77381897
14.8971653,48.77381516
14.89235973,48.77378845
14.89195156,48.77487183
14.88762379,48.77472687
14.88736534,48.77715302
14.88714409,48.7792244
14.88298225,48.77901459
14.88037682,48.77888489
14.88025284,48.78004837
14.88006592,48.78180313
14.87991238,48.78324509
14.87508202,48.78253937
14.87457848,48.78236771
14.87128735,48.78125
14.86690903,48.77976608
14.86667156,48.77978897
14.85671329,48.78068542
14.85333633,48.78190231
14.85284519,48.78207779
14.85219288,48.78203964
14.84605789,48.78168488
14.84589386,48.78321457
14.8458252,48.78386307
14.8448925,48.78382111
14.84481049,48.78381729
14.84177685,48.78368759
14.83905125,48.78355789
14.83910179,48.7830925
14.8391161,48.78295898
14.8391428,48.78271484
14.83929062,48.78134155
14.83306026,48.78102875
14.8325243,48.78100204
14.83232498,48.78284073
14.83228207,48.78323746
14.83086014,48.78316879
14.82453918,48.78372192
14.82325459,48.78383636
14.81869888,48.78299713
14.81871605,48.78283691
14.8187952,48.78210068
14.81898785,48.7803154
14.81582832,48.78015518
14.81432724,48.78007889
14.81222153,48.77997208
14.81012917,48.77986526
14.80963516,48.77306747
14.81206417,48.77091599
14.81219578,48.77092361
14.81319237,48.77097321
14.81332016,48.76980591
14.81510162,48.76822662
14.81381893,48.76517868
14.81402206,48.76330566
14.81403828,48.76315689
14.81416607,48.76197433
14.81316185,48.76192474
14.81215096,48.76187134
14.81171322,48.76184845
14.81093693,48.76111603
14.81023788,48.76045609
14.8077774,48.75813675
14.8066473,48.75707245
14.80623245,48.75667953
14.80182552,48.75028992
14.80209541,48.74779129
14.80257607,48.74328995
14.80277443,48.74253845
14.80512238,48.73889542
14.80582428,48.73780823
14.80679321,48.73630524
14.80685043,48.7362175
14.80491161,48.73575974
14.79740524,48.73397827
14.79680824,48.73383713
14.79710579,48.73108673
14.79724693,48.72977829
14.79728222,48.72945023
14.79653358,48.72941208
14.79466248,48.72931671
14.79247475,48.72920227
14.79162025,48.72825623
14.79071331,48.72735596
14.79080963,48.72646332
14.79083824,48.72619629
14.7910099,48.72460556
14.7888031,48.72449112
14.78777313,48.72443771
14.78457642,48.7212677
14.78422356,48.72091675
14.78305531,48.71975708
14.78289986,48.71966553
14.78090286,48.71848679
14.77825069,48.71692276
14.77826881,48.71675873
14.77847004,48.71491623
14.77450371,48.71471405
14.77235317,48.71344376
14.76908302,48.7129364
14.76259041,48.71192932
14.76118469,48.71171188
14.76038742,48.71079636
14.75832748,48.70843124
14.7554121,48.70508194
14.74782276,48.70401382
14.74699211,48.70389557
14.74683857,48.70387268
14.7451992,48.7036438
14.73610973,48.70144272
14.73295498,48.69615555
14.73300171,48.69573212
14.73313808,48.69448853
14.73205948,48.6944313
14.7319231,48.69442368
14.7309885,48.69285965
14.73003101,48.69125748
14.72719574,48.68669891
14.72524166,48.6835556
14.72363377,48.68096924
14.72338295,48.68041229
14.72154617,48.6762886
14.72160053,48.67579269
14.72131824,48.67577744
14.71849155,48.66943359
14.71761227,48.6674614
14.71608829,48.66416168
14.71633053,48.66194534
14.71635437,48.66173172
14.71682358,48.65744781
14.71467209,48.65733337
14.71288967,48.65724182
14.71214008,48.65562057
14.7141943,48.65325928
14.71458817,48.65280533
14.71611214,48.65105438
14.71760082,48.64934158
14.71775627,48.64893723
14.71916485,48.64528275
14.719944,48.64326096
14.72029686,48.64234543
14.71935844,48.63494492
14.71927166,48.63425827
14.71759224,48.63033676
14.71698666,48.62892532
14.71476078,48.62373352
14.71739101,48.61420441
14.71767616,48.61317062
14.71948338,48.60445023
14.716012,48.60305786
14.71567249,48.60292053
14.71212006,48.60149765
14.70963287,48.5993042
14.70974541,48.59825897
14.70991707,48.59669876
14.71023941,48.59375763
14.70774269,48.59362793
14.70479202,48.59347534
14.70446205,48.59206009
14.70390606,48.58968735
14.70372105,48.58889389
14.70361137,48.58842468
14.70348549,48.58788681
14.70329189,48.58705521
14.70317936,48.58657455
14.69740295,48.58636475
14.69580078,48.58689117
14.69421864,48.58740997
14.68715191,48.58646011
14.68599415,48.58634949
14.6755867,48.58535385
14.67412376,48.585289
14.66867065,48.58505249
14.6633482,48.58482361
14.66222858,48.58672714
14.66078281,48.58918381
14.65986443,48.59074402
14.65725327,48.59494019
14.65557671,48.59763336
14.65542221,48.59902573
14.65532112,48.59994125
14.65482426,48.60443878
14.65210056,48.60429382
14.65191746,48.60428238
14.64808273,48.60408401
14.647645,48.60801315
14.6475811,48.60858536
14.6475563,48.60881805
14.6463995,48.60957718
14.64471054,48.61068726
14.64383221,48.61126328
14.64363861,48.61122513
14.6419754,48.61089706
14.64057541,48.61061859
14.63912296,48.61033249
14.63727093,48.60996628
14.63650322,48.60953522
14.63573647,48.60910416
14.63350296,48.60784531
14.63085079,48.60770416