12.69522858,50.4025116
12.69535923,50.40194321
12.6965332,50.40109253
12.6965847,50.40105438
12.7048893,50.39853668
12.70518017,50.39837265
12.707057,50.39731598
12.70757675,50.39850616
12.708745,50.40117264
12.70916843,50.40210342
12.70854378,50.40288162
12.70791817,50.40366364
12.70694733,50.40398026
12.70690823,50.404953
12.70714569,50.40641785
12.70760727,50.40782928
12.70904732,50.40941238
12.70999336,50.41015625
12.71125603,50.41114426
12.71357727,50.41287231
12.71583271,50.4140892
12.71871281,50.41602325
12.72070789,50.41739655
12.72321987,50.41837692
12.72564793,50.4196701
12.72769737,50.42076492
12.72980118,50.42166901
12.73118591,50.42323685
12.73154831,50.42464066
12.73153782,50.42473602
12.73140144,50.4260025
12.73188877,50.42735291
12.73254204,50.42873001
12.73315239,50.4299202
12.73406887,50.4317131
12.73461342,50.43219757
12.7355566,50.43246841
12.73620033,50.43267059
12.73932552,50.43360901
12.74067593,50.43401718
12.74467945,50.435215
12.75244331,50.43753815
12.75341415,50.43778992
12.75711918,50.43873596
12.76460361,50.44064713
12.7748642,50.44326401
12.78137779,50.44527054
12.78509712,50.44641876
12.78577805,50.44662857
12.7949295,50.44944763
12.79982376,50.44256973
12.80664539,50.43545532
12.8091917,50.43263626
12.8106184,50.43105698
12.81141949,50.43214798
12.8113842,50.43258286
12.81116772,50.43524551
12.81112099,50.43581772
12.81089115,50.43645477
12.81040382,50.43695068
12.81038189,50.43697357
12.80949116,50.43756485
12.80897713,50.43819427
12.80846119,50.43878555
12.80800533,50.43937683
12.8078537,50.43999863
12.80771637,50.44089127
12.80757236,50.44166565
12.80712795,50.44248962
12.80674076,50.44323349
12.80665207,50.44388962
12.80698681,50.44454193
12.80798721,50.44517899
12.80910206,50.44565964
12.81069851,50.44609451
12.81218243,50.44668198
12.81318665,50.44739914
12.81419563,50.44818878
12.81519699,50.44882584
12.81619358,50.4493866
12.81713772,50.45010376
12.81766605,50.45098495
12.81806564,50.45170975
12.81828594,50.45248032
12.81831455,50.45306015
12.81863403,50.45339966
12.81865501,50.4538269
12.81843567,50.45429611
12.81864071,50.45475388
12.81884289,50.45517731
12.81873703,50.45549011
12.81876183,50.45598984
12.81920719,50.45640945
12.81929207,50.45690918
12.81889534,50.4574585
12.81856632,50.4581604
12.81841564,50.45878601
12.8184967,50.45920944
12.81938076,50.45979691
12.82012653,50.45976257
12.82059765,50.45958328
12.82284451,50.45882416
12.8244648,50.45832825
12.82570553,50.45794678
12.82691097,50.45722198
12.82818604,50.45706177
12.82904339,50.45688629
12.83027935,50.45663071
12.83213139,50.45558548
12.83481884,50.45461273
12.83526039,50.45453262
12.83753014,50.45412445
12.84075165,50.45256805
12.84411907,50.45095825
12.8443594,50.45084381
12.84465313,50.45064545
12.84482288,50.45053101
12.84904957,50.44764328
12.85186195,50.44669342
12.85207653,50.44662094
12.85352707,50.44612885
12.85482407,50.4452858
12.85921192,50.44394302
12.85937214,50.44388199
12.86219215,50.44277573
12.8637743,50.44215775
12.86693096,50.44076538
12.86814499,50.44023132
12.8707037,50.4388237
12.8725481,50.43780899
12.87454224,50.43729401
12.8798666,50.43592072
12.88196087,50.43506241
12.8822279,50.43495178
12.88549137,50.43317413
12.8868084,50.4324646
12.8895092,50.43124771
12.89394188,50.43000031
12.89470387,50.42975235
12.89767456,50.42747498
12.89824963,50.42687988
12.90118122,50.42385483
12.90274906,50.42295074
12.90296078,50.42282867
12.90578842,50.42219162
12.90680122,50.42254639
12.90967751,50.4235611
12.91239166,50.42372894
12.91316319,50.42324829
12.91547775,50.42180252
12.91936302,50.41983032
12.92386246,50.41689682
12.9248848,50.41623688
12.9271059,50.41545868
12.9274292,50.41534805
12.93376923,50.41313171
12.93461323,50.41283798
12.9364109,50.41163635
12.93654251,50.41111374
12.93696785,50.40909958
12.93661213,50.40764236
12.93598652,50.40707016
12.93615818,50.40701294
12.93649864,50.40689468
12.93696785,50.40659714
12.93730831,50.40633011
12.94135284,50.40490723
12.94280148,50.40444946
12.94407272,50.40417099
12.94520473,50.40408707
12.94656754,50.40412903
12.94797325,50.4042778
12.94801807,50.40550613
12.9474535,50.40719604
12.94685555,50.40716171
12.94550133,50.40691757
12.94377708,50.40601349
12.9428196,50.40631485
12.94247532,50.40642166
12.94140434,50.40688705
12.94090748,50.40732956
12.94048882,50.40770721
12.94019032,50.40845871
12.94070911,50.40923309
12.94100189,50.40971375
12.94116688,50.41070938
12.94189739,50.41149521
12.94305801,50.41213608
12.94466496,50.41268539
12.9461689,50.41316605
12.94786835,50.41333771
12.94964218,50.41357803
12.95150471,50.41389847
12.95388412,50.41414642
12.9559803,50.41435242
12.95851994,50.41441727
12.96073627,50.414505
12.96298885,50.41447449
12.96530437,50.41493225
12.96662617,50.41539001
12.96808434,50.41590118
12.96948338,50.41613007
12.97078514,50.41621399
12.97182465,50.41641998
12.97238064,50.41678238
12.97323704,50.41690445
12.97418308,50.41702652
12.97540188,50.4172287
12.97631168,50.41752625
12.97652912,50.4176178
12.97727299,50.41793442
12.97801018,50.41834641
12.97891712,50.41858292
12.97972965,50.4187088
12.98055077,50.41900635
12.98057652,50.41903687
12.98334694,50.41921997
12.98634243,50.41941833
12.98845577,50.41278839
12.98857212,50.41279984
12.99295425,50.40298843
12.99728489,50.39868927
13.00158119,50.39215088
13.00405502,50.39038086
13.01019573,50.38832092
13.01582813,50.38719559
13.03270245,50.38614273
13.03925323,50.38526535
13.04840469,50.38334656
13.05827141,50.3804512
13.06256199,50.37953186
13.06941414,50.37887192
13.08518982,50.3780632
13.08911419,50.37737274
13.09083271,50.37681961
13.10021019,50.37203217
13.10449123,50.36944199
13.11248493,50.36699677
13.11542988,50.36553574
13.11735535,50.3632431
13.11958694,50.3551712
13.12102795,50.3527298
13.12794971,50.34773254
13.13099003,50.34661102
13.13475323,50.34619141
13.13853931,50.34640503
13.14194012,50.34719467
13.14656067,50.34939575
13.14827442,50.34992599
13.15227985,50.35058975
13.15886688,50.35079193
13.16514111,50.35007477
13.16825199,50.34905624
13.17192554,50.34737396
13.17368603,50.34684372
13.17775917,50.34612656
13.18701935,50.34555817
13.19662762,50.34566498
13.20125008,50.34596634
13.20552826,50.34652328
13.20915604,50.34747314
13.21269035,50.34915161
13.2156868,50.35015106
13.21757317,50.35048294
13.22168064,50.35073853
13.22600842,50.35042572
13.2302351,50.34940338
13.23400784,50.34779358
13.23904133,50.34480286
13.24336338,50.34146118
13.24725723,50.33734894
13.25119591,50.33416748
13.25303841,50.33214569
13.2546711,50.32830048
13.25584984,50.32224655
13.25507927,50.31912613
13.25392246,50.31719971
13.25230122,50.31539536
13.24982357,50.3139801
13.24248791,50.31182098
13.24127483,50.31105423
13.24049282,50.31018829
13.23986721,50.30818939
13.24042225,50.30595398
13.24349308,50.30121613
13.24463177,50.29845428
13.24547005,50.29399109
13.24557781,50.28945541
13.24493694,50.28515244
13.24389839,50.28261185
13.2431221,50.28152466
13.23980904,50.27835083
13.2386179,50.27602386
13.23825932,50.27337646
13.23871422,50.27061462
13.24009991,50.26795578
13.24602985,50.2612648
13.24783707,50.25947189
13.25179291,50.2563591
13.25327015,50.25386047
13.25385284,50.25104523
13.25375748,50.24817657
13.25304127,50.24546051
13.25159836,50.2431488
13.24903393,50.24101639
13.2475462,50.23921204
13.24687576,50.2368927
13.2469244,50.23567581
13.24796486,50.233284
13.24908829,50.23220444
13.25059128,50.23136139
13.25411224,50.23034286
13.26204681,50.22902298
13.26705456,50.22776413
13.26921082,50.22447968
13.27030754,50.22147751
13.27075386,50.21839905
13.27065754,50.21538162
13.26940918,50.21129227
13.26862335,50.21016693
13.26545334,50.20709229
13.26480293,50.20604324
13.2641201,50.20246887
13.26474571,50.2000618
13.2662487,50.19809723
13.269907,50.19500351
13.2735424,50.19095612
13.28092289,50.18358612
13.28644562,50.17996979
13.290411,50.17696381
13.29495335,50.17420197
13.29690838,50.17241287
13.30183792,50.16695404
13.30362225,50.16439056
13.30456638,50.16159439
13.30467033,50.15880966
13.30397415,50.15620041
13.30328083,50.15502548
13.29931545,50.15077209
13.29597092,50.14503479
13.29373455,50.143116
13.29093266,50.14186478
13.28750896,50.14123917
13.28403664,50.14122772
13.27736473,50.14198303
13.27335072,50.14210129
13.26941586,50.14175415
13.26586914,50.14065552
13.26340485,50.13875961
13.26042175,50.13460541
13.25627327,50.13076019
13.25516415,50.12844467
13.25515079,50.1259613
13.25641155,50.12352753
13.25768757,50.12244415
13.2594862,50.12157822
13.26147556,50.12104416
13.26577759,50.12054825
13.27968121,50.12015915
13.28399563,50.11963654
13.28732204,50.11867905
13.29107189,50.11710739
13.30118084,50.11427689
13.30385685,50.11264038
13.30630207,50.1096611
13.30811214,50.10651398
13.30932903,50.10226822
13.306427,50.09309387
13.30243778,50.0831337
13.29998493,50.06894684
13.29685307,50.06005859
13.29555035,50.05759811
13.29461193,50.05650711
13.28628063,50.05063248
13.27921581,50.04738617
13.2762146,50.04557037
13.26976395,50.04001236
13.26081181,50.03438187
13.24757195,50.0293808
13.2389164,50.02656937
13.23541832,50.02480698
13.233881,50.02374649
13.2313776,50.02128601
13.22984695,50.01836395
13.22895813,50.0137291
13.22889519,50.0089798
13.22953892,50.0027504
13.23026657,49.9998436
13.23146915,49.99725342
13.23570442,49.99309921
13.23640919,49.99203873
13.23723221,49.98843384
13.23662663,49.9859848
13.23496342,49.9839592
13.22998619,49.98058319
13.22747135,49.97921753
13.22349358,49.97818756
13.21686268,49.97777939
13.21026134,49.97834778
13.20638657,49.97942734
13.19735146,49.98464584
13.19356346,49.98764038
13.18916893,49.99023438
13.18532085,49.99320221
13.18071938,49.9957428
13.17637253,49.99863052
13.16347408,50.00389481
13.15712833,50.00622559
13.15095997,50.0093689
13.14762878,50.0104332
13.14057064,50.01209641
13.1340313,50.01486969
13.13219547,50.01541138
13.12579536,50.01636887
13.10848713,50.01750183
13.10504436,50.01747131
13.09753132,50.01677704
13.09147644,50.01592255
13.0879364,50.01486969
13.07889938,50.00976563
13.07509613,50.0067482
13.070714,50.00389862
13.06579781,49.99897385
13.0560379,49.99097061
13.04980469,49.98490524
13.04537296,49.98207474
13.04151058,49.97907257
13.03252888,49.97396469
13.02924919,49.9728775
13.02218819,49.97126389
13.01558399,49.96854019
13.01377773,49.96801758
13.00972557,49.96731949
12.99898338,49.96614075
12.9951849,49.96530151
12.98996639,49.96327209
12.98817062,49.96281052
12.97546864,49.96135712
12.9712801,49.96053314
12.9679842,49.95913315
12.9658823,49.95735931
12.96470547,49.95517349
12.96440887,49.95105362
12.96360588,49.94308853
12.96247864,49.93832016
12.95929909,49.93196487
12.95596123,49.92742538
12.95154381,49.9236908
12.94524002,49.91974258
12.93613911,49.91582489
12.93125343,49.91332626
12.92733383,49.91240311
12.92077065,49.91202164
12.91428471,49.91255951
12.91055393,49.91352081
12.90456486,49.91638565
12.89997578,49.9175148
12.8952961,49.91819382
12.87344646,49.91744995
12.85585785,49.91743469
12.84886074,49.9178772
12.84472179,49.9185524
12.83618259,49.9217453
12.82983494,49.9226265
12.81524277,49.92300415
12.77707005,49.92264557
12.76846409,49.92228317
12.75497437,49.92350388
12.75176716,49.92359924
12.74709988,49.92300415
12.74250126,49.92186737
12.73992825,49.92069244
12.73681068,49.91869354
12.72767162,49.91368103
12.72433567,49.91258621
12.71468639,49.91032028
12.71112537,49.90884018
12.70801544,49.90703964
12.70227718,49.90285492
12.69429207,49.89995575
12.69152164,49.89854813
12.68970585,49.89665985
12.68776894,49.89356613
12.68583202,49.8916626
12.68325329,49.89048004
12.67904186,49.88961029
12.67610645,49.88963318
12.67341995,49.89039612
12.67137146,49.8916626
12.66794872,49.89447403
12.66177177,49.89860535
12.65925121,49.89994812
12.65300941,49.9017868
12.64778042,49.90264511
12.64201069,49.90260315
12.6256609,49.90032959
12.62132263,49.89945221
12.61122608,49.89655304
12.60661125,49.89583588
12.60190105,49.89553833
12.59504604,49.89574814
12.59091377,49.89637375
12.58909798,49.89686584
12.58402348,49.89895248
12.57838726,49.90011215
12.55799484,49.90128326
12.55764198,49.90166855
12.5547123,49.9030304
12.55132484,49.90486145
12.55134392,49.90474319
12.55087948,49.90470886
12.55080509,49.9054718
12.55098534,49.90697479
12.55125618,49.90923309
12.55059338,49.91110992
12.55024338,49.91157532
12.54903603,49.91317368
12.54885769,49.91519165
12.54825592,49.91663361
12.54834938,49.91930389
12.54773045,49.92034149
12.5445509,49.92255783
12.5413847,49.92408752
12.53849506,49.92482376
12.53645134,49.92485809
12.53500557,49.92495346
12.53072357,49.92577744
12.52920723,49.92628098
12.52750206,49.92661285
12.52641296,49.92682266
12.52197552,49.92768097
12.52048016,49.92786407
12.51384068,49.92786407
12.51220512,49.9275856
12.51093006,49.92796326
12.50815105,49.92881393
12.50444984,49.92934036
12.50137711,49.93060684
12.49856758,49.93235016
12.49304867,49.93322754
12.49311161,49.93424606
12.4940691,49.93579483
12.49434853,49.93690872
12.49423599,49.9368782
12.49221134,49.93636703
12.49084854,49.93647385
12.48310757,49.93572617
12.48111343,49.93583679
12.47840881,49.93567276
12.47773933,49.93618774
12.47705173,49.93672562
12.47551441,49.93791962
12.47502708,49.93860245
12.47391701,49.94008636
12.47301292,49.94248962
12.47145653,49.94396591
12.47051048,49.9450264
12.4698391,49.94733047
12.46980381,49.94748688
12.46995544,49.94778061
12.47048187,49.94903183
12.47384453,49.95135498
12.47466087,49.95191956
12.4760313,49.95467758
12.47829819,49.95677948
12.47938251,49.95713043
12.48140526,49.95827484
12.48447514,49.95842361
12.48522472,49.95825577
12.48739147,49.95798111
12.48820114,49.95793152
12.48881435,49.95802689
12.48985767,49.95827103
12.49061012,49.95860291
12.49076366,49.95918274
12.49103737,49.95954895
12.4911356,49.96011734
12.49131203,49.96081543
12.49122334,49.96134186
12.49094296,49.96168137
12.49077129,49.96200562
12.49114037,49.96244049
12.49196911,49.96327209
12.49257088,49.96397018
12.49275875,49.96418762
12.49295902,49.96442032
12.49350452,49.96554184
12.49394608,49.96639252
12.4940567,49.96681595
12.49401569,49.96761703
12.49369812,49.96844482
12.49386406,49.96975708
12.49552727,49.97077942
12.4964323,49.97106934
12.49954128,49.97201538
12.49882317,49.97282791
12.49724197,49.97402191
12.49657726,49.97452545
12.49479771,49.9756279
12.49421406,49.97639465
12.49215221,49.97857666
12.49198246,49.97927856
12.49092865,49.97974014
12.49021912,49.98078156
12.4898901,49.98176193
12.48637295,49.98099136
12.4839325,49.98116302
12.48189259,49.980896
12.48114777,49.98132706
12.47736359,49.98086929
12.47653294,49.98077011
12.47618389,49.98181534
12.47563934,49.98344803
12.47370338,49.98522949
12.47119617,49.98651123
12.46978664,49.98796844
12.46888351,49.98882294
12.46862698,49.9894371
12.46847439,49.98980331
12.47033024,49.99072266
12.46897507,49.99171066
12.46828651,49.99221802
12.46743107,49.99285126
12.46582031,49.9931488
12.46378899,49.99424744
12.46250725,49.99456024
12.46066761,49.99487305
12.45896435,49.99476242
12.45790672,49.99419403
12.45677662,49.99411774
12.45539188,49.99367905
12.45392513,49.99348831
12.45403576,49.99303436
12.45402718,49.99239349
12.45346069,49.991642
12.45240021,49.99144363
12.45118427,49.99108505
12.45018864,49.99067307
12.44893456,49.99026489
12.44773674,49.9902916
12.44674873,49.98965836
12.44381142,49.98828125
12.44286537,49.9877243
12.44191074,49.98695755
12.44074249,49.98639297
12.43993473,49.98696518
12.43686295,49.98591232
12.4339323,49.98513794
12.43151951,49.98438263
12.4313736,49.98540497
12.43148899,49.98582458
12.43175125,49.9871254
12.43182468,49.98755646
12.43143368,49.9885788
12.42691708,49.99012375
12.42587662,49.99097061
12.42557907,49.99119949
12.42595005,49.99140167
12.42768097,49.99230194
12.42854595,49.99275208
12.43128014,49.99308014
12.43199825,49.99316788
12.43379307,49.9933815
12.43523312,49.99378204
12.43534946,49.99422073
12.43550777,49.99469376
12.43560982,49.99512482
12.4354372,49.99610138
12.4352808,49.99698257
12.43520546,49.99890137
12.43409061,49.99964142
12.43191528,50.00039673
12.43122387,50.00261688
12.42830753,50.00232315
12.42614651,50.00172043
12.42439556,50.00080872
12.42452621,50.00032425
12.42405701,50.00047684
12.42123032,50.00134277
12.41889191,50.00257111
12.41733456,50.0034256
12.41618347,50.00399017
12.41520405,50.00443649
12.41439915,50.00461578
12.4133358,50.00482559
12.41233921,50.00484085
12.41119385,50.00485992
12.4104147,50.00477982
12.40967751,50.00481415
12.40876102,50.00499725
12.40784645,50.00522614
12.40689087,50.00533676
12.40582085,50.00537872
12.40474415,50.00525284
12.4034071,50.00508499
12.40248203,50.00505447
12.40189934,50.00525284
12.40172863,50.00561523
12.40185928,50.00608826
12.40227985,50.00643921
12.40277863,50.00669479
12.40260124,50.00756454
12.40152168,50.00823593
12.40024185,50.00862122
12.39932346,50.00862122
12.39825821,50.00791168
12.39763737,50.00855255
12.39805031,50.00964355
12.39963436,50.01049805
12.40133667,50.01125717
12.40193653,50.01179504
12.40221596,50.01204681
12.4029274,50.01332474
12.40280819,50.01388931
12.40183258,50.01457977
12.40064907,50.0150032
12.40037727,50.01499939
12.3996315,50.01498795
12.39925766,50.01486206
12.3989172,50.0146637
12.39853382,50.01432419
12.39793491,50.01413345
12.39714909,50.01389694
12.39660454,50.01366806
12.39573479,50.01364517
12.39503288,50.01365662
12.39362049,50.01345444
12.38991928,50.01275635
12.38921642,50.01264191
12.38656139,50.01250076
12.38281155,50.01298141
12.38215065,50.01311111
12.38135815,50.01346588
12.37962055,50.0140419
12.3778286,50.01647186
12.3777523,50.01657486
12.3777504,50.01759338
12.37774754,50.01787949
12.37785149,50.01802444
12.37823868,50.01863861
12.37850666,50.01905823
12.37835312,50.01906967
12.37588501,50.01924515
12.37574863,50.01925659
12.37335014,50.01865768
12.37048054,50.01787949
12.36894989,50.01762009
12.36753273,50.01744461
12.3674469,50.0194397
12.36732006,50.01992416
12.36697006,50.02035522
12.36569977,50.02157974
12.36557198,50.02204132
12.36578369,50.02276993
12.36454678,50.02299118
12.36442566,50.02309036
12.36247063,50.02467728
12.36203766,50.02483749
12.3615818,50.02490234
12.36108875,50.02494812
12.36067772,50.02518845
12.36013794,50.0254364
12.35980988,50.02547455
12.35960007,50.02526474
12.3597002,50.02501678
12.35980129,50.02480316
12.35962677,50.02455902
12.35911369,50.02454376
12.35864258,50.02468109
12.35834503,50.02501678
12.3582468,50.02532196
12.35814571,50.0255394
12.35783768,50.02562714
12.35761738,50.02564621
12.35604382,50.02688599
12.35544014,50.02753067
12.35518646,50.02809143
12.35497475,50.02870178
12.35435867,50.02904129
12.35358524,50.02938461
12.35253716,50.02975464
12.35161018,50.03017807
12.35075474,50.03070831
12.35068798,50.03075027
12.34984589,50.03134537
12.34935856,50.03196335
12.34933853,50.0324707
12.34952068,50.03310013
12.34930515,50.0336113
12.34881115,50.03407288
12.34856033,50.03468704
12.34820938,50.03578186
12.3477211,50.03637314
12.3472414,50.03661346
12.34698772,50.03673935
12.34585762,50.03701019
12.34516048,50.03730011
12.34438705,50.03764343
12.34341145,50.03786087
12.34248257,50.0382576
12.34158611,50.03847504
12.34080791,50.03868866
12.34027004,50.03902817
12.33980751,50.03928757
12.33888054,50.03961182
12.33759117,50.03993225
12.33708858,50.03916168
12.3360939,50.03871155
12.33566666,50.038517
12.33354378,50.03603363
12.33363914,50.03488922
12.3309536,50.03339386
12.32885265,50.03221893
12.32768631,50.03234863
12.32540989,50.03302002
12.32460594,50.03397369
12.32452965,50.03525925
12.32545853,50.03688431
12.32517529,50.0373764
12.32441235,50.03842545
12.3244648,50.03884888
12.32334709,50.03924179
12.32243729,50.04123306
12.32054996,50.04210663
12.31960583,50.04269028
12.31893253,50.04324341
12.31833172,50.04379654
12.31765461,50.0442276
12.31697655,50.04466248
12.31666565,50.04513931
12.31628227,50.04561615
12.31561184,50.04611206
12.31739998,50.04703522
12.31850052,50.04795837
12.31915474,50.04880524
12.31924152,50.04991913
12.31885147,50.05132675
12.3184042,50.05239105
12.31733322,50.05337906
12.31598759,50.0530014
12.31437206,50.05253983
12.31335735,50.05387115
12.31206799,50.0549469
12.31093597,50.05553818
12.3095665,50.05570221
12.30722523,50.05599594
12.30502605,50.05651855
12.30144596,50.05805969
12.29911423,50.0586586
12.29907227,50.05867004
12.29888344,50.05864334
12.29806805,50.05852127
12.29505348,50.05804443
12.29226875,50.05717468
12.28920937,50.05700302
12.28786564,50.05693054
12.28319836,50.05642319
12.28199005,50.05571747
12.28128529,50.05543518
12.2802515,50.05521774
12.27929211,50.05516434
12.27935505,50.05609131
12.27923489,50.05659103
12.27888107,50.05714417
12.27846718,50.0575676
12.27795029,50.05784607
12.27716827,50.05806351
12.27604675,50.05849075
12.27515125,50.05901337
12.27427387,50.05966949
12.27360344,50.06028748
12.27304268,50.06087494
12.27254772,50.06122971
12.27251625,50.06125259
12.27193356,50.06125259
12.27127171,50.06135941
12.27014732,50.06134033
12.26950359,50.06117249
12.26894379,50.0610466
12.26814079,50.06090164
12.267519,50.06079102
12.26671696,50.06048203
12.26564598,50.06003571
12.26447868,50.05959702
12.26329994,50.05924225
12.26303482,50.05882645
12.26257801,50.05847549
12.26166344,50.05811691
12.26091194,50.05842972
12.26105213,50.05884552
12.260993,50.05937576
12.26062202,50.05988312
12.26017284,50.06036758
12.25980568,50.06100082
12.25986767,50.06159973
12.26020432,50.06227493
12.26069832,50.06296921
12.26091385,50.06351852
12.26093388,50.06407166
12.26111317,50.06469345
12.2617979,50.06526184
12.26259327,50.06567764
12.26323128,50.06606674
12.26356411,50.06661606
12.26362133,50.0670929
12.26398563,50.06746292
12.2647028,50.06785202
12.26553726,50.06826782
12.26610088,50.06873703
12.26650524,50.06912994
12.26691246,50.06957626
12.2674427,50.07019424
12.26812458,50.07071304
12.26892185,50.07117844
12.26964283,50.07166672
12.27024174,50.07203674
12.27092075,50.07247543
12.27140331,50.07284546
12.27197266,50.07346344
12.27285862,50.07420349
12.27343082,50.07489777
12.27376366,50.07546997
12.27432728,50.07591248
12.27484322,50.07615662
12.27535343,50.07646942
12.27165699,50.07723236
12.27044678,50.07748032
12.26664352,50.07840729
12.26524544,50.07915497
12.26398849,50.08071899
12.26333332,50.08153534
12.25910854,50.08299637
12.25916958,50.08347321
12.25915241,50.08398438
12.25895596,50.08419037
12.25842381,50.08430481
12.25807571,50.08439636
12.25759888,50.08452225
12.25714397,50.08472061
12.25693417,50.0850563
12.25659084,50.0852623
12.25609589,50.08540344
12.25558567,50.08561325
12.25529671,50.0858078
12.25492859,50.08607483
12.25455666,50.0862236
12.25428295,50.08639908
12.2535696,50.08713913
12.25314426,50.08775711
12.25279427,50.0883522
12.25289059,50.0889473
12.25312614,50.08932495
12.25325012,50.08972168
12.25337601,50.09005737
12.25320435,50.09041977
12.25259304,50.09090424
12.25249577,50.09128571
12.25247097,50.0916214
12.25200176,50.09193802
12.25148487,50.09196854
12.25132751,50.09170914
12.25131416,50.09135056
12.2513752,50.09099579
12.25121784,50.09075928
12.25066185,50.09071732
12.25000286,50.09091949
12.24945068,50.0909996
12.24914932,50.09086227
12.2487402,50.09082031
12.24838448,50.0912056
12.2483654,50.09168243
12.24837875,50.09204102
12.24853802,50.09234619
12.24836254,50.09261322
12.24788094,50.09259415
12.24742413,50.0922699
12.24679089,50.09213638
12.24616718,50.09228897
12.24599648,50.09269714
12.2458992,50.09305573
12.24557781,50.09336853
12.24506855,50.09361267
12.24448776,50.09393311
12.24442959,50.09436417
12.24444485,50.09476852
12.24457359,50.09524155
12.24479866,50.0954361
12.24503231,50.09563828
12.24544048,50.09568024
12.24556637,50.09549332
12.24565125,50.09536743
12.24567795,50.09508133
12.24607658,50.09486008
12.24656296,50.09499741
12.24668312,50.09523392
12.24669361,50.09552002
12.24710369,50.09560776
12.24762058,50.09557724
12.24796867,50.09565735
12.24803352,50.09567261
12.24800682,50.09599686
12.24791145,50.09642792
12.24777603,50.09676361
12.24748802,50.09698105
12.24716377,50.09722519
12.2469492,50.09744263
12.24669266,50.09749603
12.24632263,50.09732819
12.24574566,50.0970993
12.24542427,50.09683228
12.2451849,50.09664536
12.24489021,50.09656525
12.24447346,50.09667587
12.24394894,50.09687805
12.24334717,50.09690094
12.24287415,50.09672165
12.2424345,50.09638977
12.24172592,50.09617615
12.2412014,50.09618378
12.24056435,50.09627914
12.23972511,50.09620667
12.23888588,50.09611893
12.23812389,50.09600449
12.23726273,50.09585571
12.23684216,50.09551239
12.23673439,50.09521103
12.23640633,50.09476852
12.23585606,50.09458923
12.23531055,50.09455872
12.23456955,50.09448242
12.23359966,50.09415054
12.2326107,50.09408569
12.23179722,50.09416199
12.23106766,50.0944252
12.23084831,50.0947876
12.23087025,50.09539032
12.23064041,50.09600449
12.23028469,50.09638596
12.22982025,50.09645462
12.22931099,50.09635162
12.22856808,50.09623718
12.22806549,50.09630585
12.22764874,50.09658813
12.22739124,50.09700394
12.22727203,50.09746933
12.22744274,50.09786606
12.22771168,50.09831238
12.22792339,50.09879684
12.22821331,50.09928131
12.22857857,50.09991074
12.22893524,50.10020065
12.22915459,50.10062408
12.2293396,50.10112381
12.2294693,50.10165787
12.22933483,50.102005
12.22877216,50.10231018
12.22811031,50.10243988
12.22727585,50.1023941
12.22636986,50.10242844
12.22533798,50.10255432
12.22439766,50.10266113
12.22360802,50.10284042
12.22274971,50.10314941
12.22233486,50.10346603
12.22191715,50.10367584
12.22131348,50.10387421
12.22105408,50.10386658
12.2205658,50.10368347
12.2197752,50.10332489
12.21935558,50.10297775
12.21873379,50.10266495
12.21800327,50.10243607
12.21711922,50.10255814
12.21638775,50.10279465
12.21557426,50.10282898
12.21494198,50.1027565
12.21425438,50.10268402
12.21370983,50.10246658
12.21292686,50.10231018
12.21221352,50.10204697
12.21127605,50.10171509
12.21047878,50.10168076
12.20969296,50.10195541
12.20898819,50.10241699
12.20677853,50.1064682
12.20504856,50.1073761
12.20372391,50.10829544
12.20142269,50.10850143
12.20096588,50.1089859
12.20094872,50.10942841
12.20073223,50.10976791
12.20035648,50.11021423
12.19991207,50.11059952
12.1996069,50.11119461
12.19961643,50.1114502
12.19962692,50.11174011
12.20003414,50.1121521
12.20037365,50.11252594
12.20048904,50.11298752
12.20067406,50.11359406
12.20114899,50.11407089
12.20182037,50.1145668
12.20226097,50.11500168
12.20234394,50.11548233
12.20219421,50.1158638
12.20155048,50.11633682
12.20081615,50.116642
12.20010853,50.11696625
12.19940758,50.11748123
12.19919777,50.11798859
12.19944572,50.11853027
12.19959354,50.11901093
12.19928646,50.11956406
12.19905186,50.11989975
12.19863415,50.12049866
12.19796658,50.12103271
12.19740009,50.1216507
12.19690037,50.12229156
12.19665623,50.12277603
12.19650841,50.12322235
12.1965313,50.12387085
12.19661808,50.12445831
12.19674873,50.12476349
12.19690418,50.12512589
12.19725323,50.1257515
12.19724274,50.12636185
12.19696522,50.12683105
12.19658661,50.12721252
12.19653702,50.12767792
12.19668865,50.12824249
12.19704723,50.13004303
12.19713116,50.13054657
12.19704533,50.13100815
12.19702148,50.13113785
12.19643497,50.13252258
12.19749832,50.13561249
12.19525909,50.13720322
12.19450665,50.13770676
12.19456291,50.13810349
12.19520187,50.14304352
12.19864655,50.14380264
12.20017433,50.14577866
12.20214176,50.14559555
12.20360756,50.14583588
12.20327282,50.14627075
12.20250702,50.14709091
12.20142746,50.14831543
12.20331478,50.15048218
12.2000618,50.15153122
12.20049858,50.15245056
12.20313072,50.15398788
12.21121883,50.15879059
12.2130661,50.16185379
12.21461773,50.1644249
12.21599579,50.16817856
12.215415,50.16836166
12.21379662,50.16886902
12.21026611,50.16872787
12.20858383,50.16866302
12.20730209,50.16950989
12.20854092,50.17150879
12.20842838,50.17284775
12.20842361,50.17290497
12.20830059,50.17414856
12.20662212,50.17539978
12.20625114,50.17638397
12.20542908,50.17767715
12.2046032,50.17916107
12.20366573,50.18084335
12.20359707,50.18109512
12.20316982,50.18265915
12.20214272,50.18449402
12.20198917,50.18684387
12.20126057,50.18878937
12.19995499,50.18843842
12.19998169,50.18869019
12.20007706,50.18939209
12.19928169,50.18989944
12.19893932,50.19000626
12.19526196,50.19114685
12.19273949,50.19235229
12.19071007,50.1936264
12.19022274,50.19411087
12.1892252,50.19520569
12.18903446,50.19540787
12.188941,50.19550705
12.19030285,50.19711304
12.19068146,50.19726181
12.1916399,50.19764328
12.19639111,50.19760132
12.19729424,50.19775772
12.19789696,50.19816208
12.19760609,50.1986351
12.19745445,50.19883728
12.19687557,50.19925308
12.19599628,50.19957352
12.19499874,50.19968414
12.19391918,50.19958115
12.1916666,50.19882965
12.19015694,50.20076752
12.18778896,50.20034027
12.18765736,50.20034409
12.18664265,50.20037842
12.18649197,50.20038223
12.18572426,50.19968033
12.18523121,50.19937515
12.18502522,50.19935608
12.1841259,50.1992569
12.18340683,50.19918823
12.18302822,50.19930267
12.18282032,50.19936371
12.18232155,50.19994354
12.18200397,50.20042419
12.18205547,50.20080566
12.18252945,50.20129395
12.18319988,50.20169067
12.18394756,50.20184708
12.18461514,50.20195007
12.18502903,50.2021904
12.18542099,50.20261383
12.18595695,50.20305634
12.18561077,50.20375061
12.18536568,50.20415878
12.18500233,50.20438004
12.18407822,50.20449066
12.18401718,50.20484543
12.1838026,50.20506287
12.18313885,50.20519257
12.18143272,50.20519638
12.18081856,50.20565796
12.17959309,50.20562744
12.1783905,50.20513916
12.17842484,50.20603943
12.17835617,50.20654297
12.17806435,50.2068634
12.17768574,50.20717621
12.17726803,50.20759964
12.17711449,50.20788956
12.17707157,50.20815659
12.17721367,50.20850372
12.1773138,50.20890427
12.1773262,50.2092514
12.17710114,50.20961761
12.17687416,50.20992661
12.17677879,50.210289
12.17673683,50.21054459
12.17670727,50.21072006
12.17655182,50.2112236
12.17625046,50.21187973
12.17605019,50.21232605
12.17572308,50.21286011
12.17473316,50.21273804
12.17349434,50.21258163
12.17097378,50.21230316
12.17037487,50.2126236
12.16948605,50.21305084
12.16770458,50.21264648
12.1674633,50.21218109
12.1668129,50.21202087
12.16576672,50.21258545
12.16494751,50.2136116
12.16187,50.21183014
12.15949821,50.21118164
12.1596632,50.21163177
12.15965176,50.21218872
12.15793324,50.21354294
12.15771103,50.21442032
12.15991974,50.21539688
12.16241074,50.21684647
12.1640377,50.2178421
12.1638813,50.21799469
12.16265678,50.21919632
12.16290569,50.21994019
12.16218758,50.21990967
12.16067886,50.21984863
12.16022301,50.22188568
12.16082191,50.22255707
12.16168404,50.22285461
12.16204262,50.22297668
12.16212749,50.22354507
12.16157818,50.2234726
12.15900517,50.22312927
12.15764141,50.2232132
12.15653324,50.22362518
12.15744495,50.22481155
12.15859985,50.22573853
12.15845394,50.2264595
12.15760612,50.22714996
12.15625763,50.22787094
12.1554203,50.22781372
12.15471649,50.22861862
12.15283489,50.22896194
12.15239048,50.22907639
12.15158558,50.22928238
12.15023518,50.22962952
12.14907932,50.22969055
12.14753246,50.22927475
12.14638519,50.22991943
12.14554405,50.23038864
12.14622784,50.23083115
12.14854813,50.23233414
12.14964676,50.23279572
12.14977264,50.23284912
12.15091896,50.23336411
12.15180302,50.2343483
12.1513319,50.2357254
12.1496439,50.23599243
12.14744854,50.23580933
12.14395809,50.23429108
12.14208794,50.23378754
12.14139652,50.23322296
12.14126015,50.23277664
12.14118671,50.23253632
12.14184761,50.23170471
12.14218712,50.23097992
12.14135742,50.23051071
12.13937187,50.23073196
12.13803387,50.23138046
12.13538742,50.23194122
12.13253689,50.23212051
12.13190651,50.23216248
12.13034725,50.23226166
12.12919998,50.23233414
12.12698841,50.23249054
12.12193966,50.23418427
12.1215868,50.23500443
12.12023926,50.23523712
12.11887455,50.23563004
12.11713028,50.23612976
12.11468887,50.23682785
12.11163807,50.23779297
12.1089201,50.2379303
12.10864925,50.23897934
12.10857391,50.23927689
12.10840034,50.24079132
12.10834217,50.24318314
12.10795975,50.24387741
12.10715294,50.24534225
12.1070013,50.24584961
12.10691261,50.24612045
12.1068325,50.24624634
12.10661602,50.24649429
12.10635662,50.2467041
12.10581875,50.24686813
12.10508442,50.24705505
12.10453033,50.24710846
12.10395241,50.24711609
12.10320663,50.24697876
12.10248566,50.24688339
12.1021347,50.24678421
12.10182667,50.24658203
12.10154057,50.24633408
12.10129356,50.24622726
12.10114098,50.24616241
12.10046959,50.24615479
12.09982395,50.24622345
12.0992012,50.24629211
12.09841442,50.24630356
12.09776974,50.246418
12.09736156,50.24667358
12.09709358,50.24694443
12.09644222,50.24754715
12.09560013,50.2479744
12.09470844,50.2483139
12.09375191,50.24878693
12.09291077,50.24922943
12.09232521,50.2497139
12.09215736,50.25023651
12.09183121,50.25086212
12.09145546,50.25140381
12.09076023,50.25238419
12.09446049,50.25281906
12.09519482,50.25297165
12.0979147,50.25352859
12.102355,50.25571442
12.10251141,50.25578308
12.10245323,50.25613785
12.10224628,50.25747299
12.1018877,50.25889969
12.10005093,50.26063538
12.09810257,50.26194763
12.09747124,50.26239014
12.09907055,50.2624054
12.1007061,50.26275635
12.1023016,50.26316071
12.10377026,50.26351547
12.10494232,50.26368332
12.1059494,50.2639389
12.1069212,50.26435089
12.10815048,50.26499939
12.10905361,50.26584244
12.10990906,50.26652145
12.11113548,50.26706696
12.11214924,50.26750565
12.11345387,50.26791382
12.11471081,50.26813507
12.11571121,50.26817703
12.11649513,50.26797867
12.11719131,50.26764679
12.11776161,50.26726532
12.11817074,50.26702118
12.11885262,50.26652527
12.12005424,50.26688766
12.11988544,50.2673912
12.1204319,50.26760864
12.12035561,50.26811218
12.1204977,50.26846695
12.12080383,50.26872253
12.12149811,50.26891708
12.12336254,50.26898956
12.1267004,50.26969147
12.13045406,50.27106094
12.13162041,50.27188873
12.13286591,50.27296829
12.13412571,50.27344131
12.13607693,50.27447128
12.13675785,50.27465057
12.13712311,50.27468491
12.13760948,50.27478409
12.13794804,50.27490997
12.13829136,50.27514267
12.13842201,50.27526474
12.13868809,50.27565002
12.13923931,50.27656937
12.13961411,50.27722931
12.1398325,50.27745056
12.13992119,50.27757645
12.13994026,50.27771759
12.13988876,50.27785492
12.13954735,50.2782135
12.13868141,50.27882385
12.13777161,50.27940369
12.13723564,50.27979279
12.13661671,50.28020477
12.13600349,50.28081131
12.13578892,50.28118515
12.13564491,50.28143692
12.13566971,50.28214264
12.13586617,50.28292465
12.13586712,50.28296661
12.13588428,50.28346634
12.13547993,50.28398514
12.13489819,50.28426361
12.13410473,50.2845459
12.13361263,50.2849617
12.13307858,50.28540039
12.13211727,50.2857132
12.1315012,50.28590012
12.1312809,50.28596878
12.13057232,50.28624725
12.13030815,50.28635406
12.12986279,50.28652954
12.12956715,50.28675842
12.12932777,50.28694534
12.12883854,50.28746414
12.12830257,50.28785324
12.1275177,50.28837585
12.12609959,50.28891373
12.12497711,50.28944397
12.12410736,50.2899704
12.12328339,50.29057693
12.1227951,50.29112625
12.12234783,50.29164505
12.1222887,50.29237747
12.12231255,50.29308319
12.12254524,50.29370117
12.12256336,50.29421616
12.12245941,50.29489517
12.12167168,50.29655457
12.12126923,50.29715729
12.12082195,50.2976799
12.12041187,50.29803467
12.12008095,50.29822922
12.11975098,50.29847717
12.11961746,50.29893494
12.11957932,50.29942703
12.11974239,50.29990768
12.12004948,50.30032349
12.12054443,50.30086899
12.12116718,50.30139923
12.12171364,50.30183792
12.12222481,50.30232239
12.12242985,50.30296707
12.12271118,50.30367661
12.12294769,50.30417633
12.12345791,50.30463028
12.12418556,50.30500412
12.12485504,50.30529022
12.12554359,50.30561829
12.1259594,50.30597687
12.12617111,50.30626678
12.1261797,50.30641937
12.12619114,50.30661392
12.12611294,50.30680084
12.12596512,50.30715561
12.12556076,50.30761719
12.1248951,50.30799866
12.12409878,50.30834198
12.12336445,50.30862045
12.12273216,50.30904388
12.12220001,50.30957031
12.12173367,50.31009293
12.12129211,50.31043243
12.12048721,50.3105278
12.11964703,50.31055832
12.11891174,50.31079865
12.1183424,50.31115723
12.11777401,50.31155777
12.11703777,50.31177521
12.11652374,50.31188583
12.11604977,50.31220245
12.11583519,50.31253815
12.11522961,50.31281662
12.11442566,50.31293106
12.11371708,50.31302261
12.1132412,50.31330109
12.11266422,50.31345367
12.11215401,50.3136673
12.11190605,50.31396103
12.11129475,50.31407166
12.11086941,50.31391144
12.11028194,50.31377411
12.10966778,50.31378555
12.10925388,50.31397629
12.10867786,50.31415176
12.1081934,50.31417847
12.10755539,50.31441498
12.10687923,50.31450653
12.10620022,50.31451797
12.10549355,50.31465149
12.10485458,50.314888
12.10418797,50.31526947
12.10358715,50.31565094
12.10321617,50.31615448
12.10290718,50.31659317
12.10263062,50.31700897
12.10206223,50.31741333
12.1015234,50.31774902
12.10090065,50.3180275
12.10189819,50.31923676
12.10355091,50.32028961
12.10464096,50.32163239
12.10647106,50.32253265
12.10960579,50.32048416
12.11145306,50.32024002
12.11376858,50.32094574
12.11548138,50.32047272
12.11446285,50.31963348
12.11404705,50.31883621
12.11389351,50.31761551
12.11379433,50.31679535
12.11497498,50.31623077
12.11633968,50.31590271
12.11759853,50.31576538
12.11890125,50.3157959
12.12024498,50.31594467
12.12143517,50.3159256
12.12265587,50.31574249
12.12395096,50.31555557
12.1246891,50.31540298
12.12539673,50.31544113
12.12611675,50.31581116
12.12676525,50.31628036
12.12770557,50.3166008
12.12849712,50.31689835
12.12896252,50.31746292
12.12931728,50.3180275
12.12988758,50.31840134
12.13049984,50.31889343
12.13139629,50.31900024
12.13243389,50.31888962
12.13328838,50.31887817
12.1342659,50.31917191
12.13521004,50.31958771
12.13585472,50.31996155
12.13679123,50.32013702
12.13772106,50.32014847
12.13865089,50.32015991
12.13965797,50.32024002
12.14063358,50.32048798
12.14194298,50.32070541
12.14309978,50.32080841
12.14418983,50.32112503
12.14520454,50.32144547
12.14599419,50.32167053
12.14681625,50.32180405
12.14760017,50.32186508
12.14860535,50.3218956
12.14968777,50.3219986
12.15091896,50.32212448
12.15167046,50.3220787
12.1522789,50.32165527
12.15325546,50.32138443
12.15420818,50.32129669
12.15533829,50.32146835
12.15774345,50.3218956
12.15893555,50.32183075
12.16301918,50.32162857
12.16551113,50.32174683
12.16996002,50.32192612
12.17133713,50.32207108
12.17580032,50.3228569
12.17653084,50.32261276
12.18227673,50.32258606
12.18445301,50.32232285
12.1844759,50.3221817
12.18496323,50.31920242
12.18382168,50.31899261
12.18258381,50.31761932
12.18342781,50.31627274
12.1848011,50.31570435
12.18487644,50.31522751
12.18460464,50.31439209
12.18679237,50.31167984
12.1879673,50.31125641
12.19011593,50.3110466
12.19181442,50.31071091
12.19409466,50.30977249
12.19461918,50.30913544
12.19592476,50.30869293
12.19666576,50.3082695
12.19827557,50.30735397
12.19965172,50.30944061
12.20095825,50.30906296
12.20134449,50.30895233
12.20022488,50.30677795
12.19902897,50.3055687
12.19822502,50.30518341
12.19858265,50.30340195
12.19830227,50.301754
12.19650269,50.29666138
12.19629002,50.29580688
12.19601631,50.29484177
12.19587421,50.29403305
12.19563484,50.29322433
12.19561863,50.29317093
12.19786167,50.29149246
12.19964027,50.29093552
12.20159245,50.28937531
12.20232105,50.28775406
12.20182896,50.28620529
12.20178509,50.27842712
12.20177174,50.27606201
12.19999409,50.2742691
12.20145702,50.27278137
12.20898628,50.27116776
12.2102747,50.27159882
12.21173954,50.27132416
12.21322823,50.27020264
12.21417141,50.27023315
12.22127056,50.27046967
12.22926235,50.27085114
12.23006058,50.27120972
12.23266411,50.27099991
12.23461533,50.2694397
12.23651695,50.26921463
12.23822117,50.26973724
12.24570751,50.26848984
12.24704075,50.26826096
12.24814796,50.26933289
12.24783134,50.27027893
12.24829006,50.27040482
12.24890041,50.27057266
12.25013828,50.26988602
12.25370312,50.27108765
12.25430298,50.27035904
12.25747108,50.26630402
12.25796604,50.26567459
12.26143837,50.26125717
12.26191902,50.2609787
12.26424599,50.25946808
12.26601601,50.25870132
12.26531506,50.25823593
12.26612759,50.25564194
12.26521492,50.25452042
12.2647438,50.25392532
12.26460361,50.25242233
12.26583672,50.25125122
12.26603603,50.25021362
12.26207066,50.25077057
12.26031303,50.25104904
12.25940514,50.25231552
12.25597763,50.25149536
12.25501442,50.25124741
12.25404739,50.25318146
12.25104904,50.25597763
12.24753952,50.25778961
12.24676609,50.25722122
12.24566936,50.25641251
12.2495966,50.25429153
12.24902916,50.25374985
12.24872398,50.253479
12.24689579,50.25186539
12.24644184,50.25145721
12.24590874,50.25097275
12.24429131,50.25107574
12.24171066,50.25089264
12.24155521,50.2508812
12.24003887,50.24836349
12.23933601,50.2471962
12.23962688,50.24617004
12.24085236,50.24511719
12.24383068,50.2447319
12.24441147,50.24465942
12.24663925,50.24354935
12.25113297,50.24197388
12.25352955,50.24037933
12.25368118,50.23993301
12.25366497,50.23949051
12.25362682,50.2389679
12.25367928,50.23836136
12.25411606,50.23764038
12.25443172,50.23713303
12.25512218,50.23673248
12.25637245,50.23641586
12.25744247,50.23623276
12.25843143,50.23587036
12.25923347,50.23548889
12.26035309,50.23463821
12.2631216,50.23571396
12.26328278,50.23505783
12.26587677,50.23443604
12.26467514,50.23406219
12.26288223,50.23427963
12.26276779,50.23368454
12.26429081,50.23321915
12.26540756,50.23279953
12.26622391,50.2322998
12.26689625,50.23191833
12.27342892,50.23308182
12.27457714,50.23328781
12.27566338,50.23207855
12.27626038,50.23208618
12.27968025,50.22904205
12.28278065,50.22743988
12.2833271,50.22715759
12.28366089,50.22696304
12.28401375,50.22676086
12.28632736,50.22548294
12.28345966,50.22473526
12.27990532,50.22463226
12.27940083,50.224617
12.27939415,50.22431564
12.27937889,50.2236557
12.27932072,50.22247696
12.28582096,50.22299957
12.28681755,50.22263336
12.28726101,50.2224884
12.28825665,50.22210312
12.2938776,50.22127151
12.29135895,50.21979904
12.28996944,50.21846008
12.2859602,50.21556091
12.28498363,50.21531677
12.28366089,50.21483994
12.28287315,50.21366501
12.28277683,50.21334457
12.28255081,50.2125473
12.28284931,50.21198654
12.28218651,50.21123505
12.28221703,50.21006775
12.28182316,50.20820236
12.28255749,50.20792007
12.28380966,50.20871353
12.28563976,50.20903778
12.28630447,50.20947647
12.28868198,50.2104454
12.28889275,50.20891953
12.28805923,50.2080307
12.28584576,50.20733643
12.28512764,50.20602417
12.2879715,50.20498276
12.28846645,50.20397568
12.28745079,50.20293808
12.28512192,50.20155334
12.28162289,50.19987106
12.28063297,50.19964218
12.2796278,50.19939804
12.27775764,50.19949722
12.27483273,50.19699097
12.27466965,50.19668579
12.27481079,50.19640732
12.27721786,50.19523621
12.27725029,50.19408417
12.27730465,50.19391632
12.27752209,50.1932373
12.27743149,50.19170761
12.2800293,50.18996811
12.28220367,50.18851089
12.28283882,50.18907166
12.28330517,50.18948364
12.28472137,50.18986893
12.28408337,50.18743134
12.28623772,50.18547821
12.28933716,50.18605042
12.2902317,50.18505096
12.29129696,50.18286133
12.29133797,50.18178558
12.29176426,50.18076706
12.29178143,50.17993164
12.29037571,50.17852402
12.29193401,50.17840195
12.29123306,50.17735291
12.2898035,50.17692947
12.2918911,50.1762352
12.2924757,50.17603683
12.29358292,50.1750946
12.29493809,50.1746788
12.3015852,50.17516708
12.30349541,50.1752739
12.30780697,50.17405319
12.31518173,50.17268372
12.3164959,50.17256165
12.31738472,50.17233658
12.31821728,50.17206192
12.31924534,50.17192459
12.32017136,50.17194366
12.32096195,50.17198181
12.32174683,50.17188263
12.32275009,50.17181396
12.32329559,50.17184067
12.32386208,50.1720314
12.32480431,50.17216873
12.32604694,50.17263794
12.32689095,50.17267609
12.32789326,50.17255402
12.3285656,50.17235184
12.32905483,50.17208099
12.32915115,50.17202759
12.33003998,50.17180252
12.33106709,50.17161179
12.33196163,50.17154694
12.3326416,50.17153549
12.33321667,50.17164993
12.33357239,50.17166138
12.33384323,50.17167282
12.33455372,50.17174911
12.33532906,50.17210388
12.33604717,50.17238998
12.33644295,50.17274857
12.33694172,50.17298508
12.33753204,50.17338181
12.335886,50.17382431
12.33494568,50.17413712
12.33457565,50.17442322
12.33375549,50.17501068
12.33265877,50.1754837
12.33181858,50.17556763
12.33086586,50.17556381
12.32991505,50.17557907
12.32853508,50.17580795
12.3276453,50.17598343
12.327528,50.1760788
12.32719707,50.17635727
12.32700348,50.17699051
12.32719421,50.17768478
12.32751274,50.17829132
12.32757568,50.17841339
12.32762623,50.17900467
12.32751465,50.17963791
12.32740498,50.17973709
12.32706738,50.18004608
12.32637405,50.18040466
12.32611465,50.18052673
12.32551575,50.18080902
12.32371616,50.18132019
12.32370186,50.18151093
12.32368279,50.18176651
12.3236618,50.18203735
12.32645702,50.18196487
12.32771969,50.18252563
12.3278265,50.18257141
12.32803726,50.18367767
12.32823086,50.18468094
12.32932091,50.18604279
12.33601189,50.18848801
12.33821964,50.19247818
12.33636379,50.19448853
12.33453369,50.19646835
12.33396816,50.19707489
12.33352375,50.19754791
12.33254528,50.19977951
12.33235264,50.20018768
12.33214378,50.20063019
12.32891083,50.20116806
12.3288002,50.20118713
12.32817459,50.20134735
12.3272419,50.20158386
12.3260088,50.20189667
12.32586002,50.203125
12.32305431,50.20745468
12.32403564,50.20795822
12.32703495,50.21029663
12.32701588,50.21232224
12.32792568,50.21242905
12.32705593,50.21372604
12.32675934,50.21450806
12.32675362,50.21550751
12.32669449,50.21627808
12.3267622,50.21687698
12.32678986,50.21759415
12.32676315,50.21805191
12.32652092,50.21865463
12.32769108,50.21900558
12.3291893,50.21773148
12.33132267,50.21740341
12.33451462,50.2168808
12.33471203,50.21799469
12.33503628,50.2202034
12.33529949,50.22090149
12.33496189,50.22154617
12.33185577,50.22319031
12.331604,50.22430801
12.32904911,50.22533035
12.33078671,50.2274437
12.33100033,50.2304306
12.33151531,50.23245621
12.33269215,50.23425674
12.33041286,50.23444366
12.32789516,50.23465729
12.32880974,50.23582077
12.33243465,50.23845291
12.33239269,50.2399025
12.33108425,50.24271393
12.33451939,50.24225235
12.33632851,50.24195862
12.3378315,50.24164963
12.33867073,50.24146271
12.3403492,50.24109268
12.34171391,50.24067307
12.34280872,50.24016953
12.3438158,50.23972321
12.34455967,50.23936844
12.3455677,50.23895264
12.34582806,50.2388382
12.34679413,50.23841858
12.34784222,50.23785782
12.34857273,50.23719025
12.34903622,50.23649597
12.34989071,50.23771286
12.35130882,50.23700714
12.35516453,50.23765564
12.35383415,50.23841858
12.35258579,50.23845291
12.35117817,50.23923111
12.35114384,50.23925018
12.35684013,50.24276733
12.35770035,50.24282074
12.35929966,50.2423172
12.35917282,50.24303055
12.35884094,50.24372482
12.35817051,50.24433136
12.3573904,50.24473953
12.35658646,50.24521255
12.35609531,50.24581528
12.3556366,50.24656296
12.35507298,50.24726486
12.3546896,50.24796295
12.35417175,50.24851608
12.35329628,50.24914169
12.35268307,50.24989319
12.35216999,50.25057602
12.35171032,50.25130844
12.35129642,50.25189209
12.35085583,50.25246048
12.35036469,50.25304413
12.35010529,50.25353241
12.35083294,50.25460052
12.35108376,50.25531006
12.35130024,50.25609207
12.35154819,50.25672913
12.35180283,50.25753784
12.35179138,50.25817871
12.35182095,50.25894165
12.35204411,50.25989151
12.3520689,50.26053238
12.35201645,50.2610817
12.35211658,50.26174545
12.35254955,50.26235962
12.35301685,50.26289749
12.35393238,50.26350403
12.35468769,50.26382446
12.35585403,50.26418686
12.35657501,50.26457977
12.35715199,50.26506805
12.35743427,50.26563644
12.35787487,50.26646423
12.35819626,50.2670784
12.35863876,50.26792526
12.35899258,50.26842117
12.35953045,50.26886368
12.36017704,50.26923752
12.3611269,50.26976776
12.36146832,50.27077484
12.35949612,50.27347946
12.36168289,50.2762146
12.36490726,50.28031158
12.36642933,50.28115082
12.36906433,50.2813797
12.37086296,50.28527451
12.38006306,50.28773499
12.38159752,50.28885269
12.38468456,50.28911591
12.38879967,50.28944397
12.39425659,50.28959656
12.39621449,50.2918129
12.39670372,50.29202271
12.39774227,50.29246521
12.39855862,50.29281235
12.4005661,50.29520798
12.40067101,50.29600906
12.40045071,50.29825974
12.40089607,50.29919815
12.40192413,50.29994583
12.40303707,50.30072021
12.40150928,50.30344391
12.40135193,50.30461502
12.39987373,50.30628204
12.39866352,50.30760574
12.39836597,50.30789948
12.39840126,50.30940247
12.39844608,50.31127167
12.39893818,50.3122406
12.39943123,50.31320953
12.40026569,50.31484985
12.40075207,50.31583405
12.40058899,50.31733322
12.40044498,50.31865692
12.39854527,50.31966782
12.39801502,50.32115173
12.40119553,50.32263947
12.40201283,50.32301331
12.40293789,50.32362747
12.40342712,50.32395172
12.40544128,50.32381058
12.4055872,50.32379913
12.40642834,50.32374191
12.4093008,50.32316971
12.41226768,50.32352829
12.4129467,50.32361603
12.41538048,50.32434845
12.41653824,50.32448196
12.41817474,50.32392502
12.41918945,50.32294464
12.41980267,50.3228302
12.42147732,50.3225174
12.42274475,50.32292175
12.42387581,50.32439804
12.42564106,50.32435608
12.42960072,50.32278824
12.43120003,50.32272339
12.43270588,50.32376862
12.43326855,50.32447052
12.43360615,50.32489395
12.43467712,50.32624054
12.43641949,50.32716751
12.43714905,50.32755661
12.43753719,50.3294754
12.43678188,50.33127975
12.43544197,50.33219147
12.43552589,50.33321762
12.43719006,50.33504486
12.43778038,50.33571625
12.44028664,50.33783722
12.4413414,50.33920288
12.44120026,50.34043121
12.44180202,50.34115982
12.44329166,50.34215164
12.44960213,50.34611893
12.45064735,50.34657288
12.45411396,50.34807968
12.4569416,50.34806442
12.45843983,50.34857941
12.46025372,50.35160828
12.46158314,50.352108
12.46355629,50.35287857
12.46565533,50.35328293
12.46733284,50.35402679
12.46819496,50.35443115
12.46842289,50.35453796
12.46942711,50.35499191
12.47850513,50.34941483
12.47989082,50.34858322
12.47998333,50.34815979
12.48012733,50.34749603
12.4815836,50.34701538
12.48307037,50.34692383
12.48402596,50.34724045
12.4847641,50.34791946
12.48511887,50.348423
12.48553181,50.34861755
12.48571491,50.34870529
12.48647404,50.34890366
12.48769379,50.34915161
12.48858166,50.34943008
12.48930645,50.34981537
12.48953438,50.3502655
12.48956013,50.35087967
12.48967552,50.35162354
12.49023819,50.35212326
12.49088955,50.35272598
12.49133492,50.35338593
12.4918642,50.35406876
12.49220276,50.35456848
12.49222088,50.35459518
12.49252796,50.35595322
12.49250031,50.35627365
12.49201298,50.35660172
12.49185085,50.35670471
12.49144459,50.3569603
12.49129772,50.35744095
12.49094296,50.35792923
12.49046516,50.35847092
12.49019718,50.35903549
12.49014187,50.35970306
12.48999786,50.36024094
12.48972511,50.3606987
12.48903561,50.36116409
12.48839188,50.36170959
12.48779202,50.36233139
12.48752594,50.36294937
12.48747063,50.36362076
12.48749828,50.36425781
12.48755741,50.36468506
12.48795891,50.3652916
12.48824883,50.36592484
12.48838997,50.36728287
12.48828602,50.36741638
12.4864645,50.36976242
12.48642826,50.3698082
12.4865284,50.37084198
12.48792171,50.37218475
12.48853874,50.37277985
12.48860455,50.37332153
12.48873234,50.3743782
12.48977375,50.37527084
12.49036789,50.37578201
12.49629784,50.37919617
12.49729443,50.38045883
12.49872398,50.38229752
12.50145531,50.38427353
12.50248814,50.38606644
12.50318813,50.38727951
12.50468063,50.38827896
12.50875282,50.39100647
12.51022339,50.39279938
12.51154613,50.39441299
12.5125227,50.3961792
12.51209831,50.39714432
12.51204777,50.39725876
12.51226711,50.39726639
12.51665974,50.39743042
12.51719093,50.39733124
12.519104,50.39696503
12.52100372,50.39660645
12.52717113,50.39691925
12.52893543,50.39702606
12.52954102,50.3973465
12.53393936,50.3997345
12.53581047,50.39945602
12.5374155,50.39969254
12.53867149,50.3984642
12.54293251,50.39831543
12.54488754,50.40020752
12.54603004,50.40089035
12.5506258,50.3990593
12.55316544,50.39897919
12.55436993,50.3993454
12.55844116,50.3993988
12.56054115,50.40006256
12.56362534,50.40104294
12.57255173,50.40279007
12.57484818,50.40324402
12.57686329,50.40421677
12.58034897,50.40724945
12.58377838,50.40707779
12.5856638,50.4070282
12.59084797,50.40768814
12.59294033,50.40754318
12.59677124,50.40564728
12.59818268,50.40571213
12.60018635,50.4058075
12.60293579,50.40649796
12.60428333,50.40727997
12.60441875,50.40784836
12.6049881,50.40798187
12.60617065,50.40827179
12.60739517,50.40857697
12.60813808,50.41038132
12.60889244,50.41118622
12.61265659,50.41281891
12.61415958,50.41397858
12.61619091,50.41434479
12.61695194,50.41561127
12.61996269,50.41552734
12.62518215,50.41630554
12.62667656,50.41631317
12.62796021,50.41605377
12.63025761,50.41482544
12.63372993,50.41404724
12.63625145,50.41374207
12.63749123,50.41280746
12.64232445,50.41129684
12.64259148,50.41125107
12.64505386,50.41082764
12.64549732,50.41075134
12.64758015,50.41074753
12.64917278,50.41074753
12.65197182,50.41127014
12.65491199,50.41117859
12.6558342,50.41130066
12.65849781,50.41165161
12.66226864,50.4121666
12.6671629,50.4144516
12.67115211,50.41632843
12.67312145,50.41687393
12.67593288,50.4155159
12.67773247,50.41381454
12.67896938,50.41264343
12.67929268,50.41233826
12.68152905,50.40983963
12.68388367,50.40910721
12.68723583,50.4080658
12.68878078,50.40644455
12.69305134,50.40530777
12.69505692,50.40414429
12.69571209,50.40376282
12.69542313,50.40301132
12.69522858,50.4025116