16.79130363,49.60816956
16.78010941,49.60676575
16.77090836,49.60733032
16.76482773,49.60810852
16.76125717,49.60905457
16.75479126,49.61189651
16.74601746,49.61403656
16.73805046,49.61750793
16.72760201,49.62010574
16.72262383,49.62234879
16.72083282,49.62287521
16.7168045,49.62358856
16.70819092,49.62452316
16.70417976,49.62520981
16.70240593,49.62570953
16.69731331,49.62786484
16.69135094,49.62908936
16.66777802,49.63111877
16.66197205,49.63093567
16.65196419,49.62987518
16.64254951,49.62988281
16.63623428,49.63069916
16.63448524,49.63120651
16.62969017,49.63326645
16.62804794,49.63368225
16.62250328,49.63408661
16.61883163,49.63366318
16.61717033,49.63322067
16.61100578,49.6304512
16.60247231,49.62829971
16.59630966,49.62588501
16.59318924,49.62551117
16.58982086,49.62582016
16.5861969,49.62695313
16.57607079,49.63210678
16.57226944,49.63352585
16.56804276,49.63432693
16.56379128,49.6344986
16.56173706,49.63434982
16.5597744,49.63402557
16.55659676,49.63285828
16.55049706,49.62871552
16.54865837,49.62663269
16.5476265,49.6239357
16.54637146,49.61645508
16.54538155,49.61343765
16.54129219,49.6068306
16.53892708,49.60160446
16.53730392,49.59923935
16.53460312,49.59738159
16.53127289,49.59622192
16.52629471,49.59488678
16.52013016,49.59222031
16.51839638,49.59178543
16.51462364,49.59141541
16.51078987,49.59164429
16.50897408,49.59200287
16.50607109,49.59314728
16.50308228,49.59515381
16.49864388,49.59762573
16.4945488,49.60040665
16.49021912,49.60182953
16.4871788,49.60240936
16.48405647,49.60267639
16.48095131,49.60240936
16.47640038,49.60148239
16.47357368,49.60057068
16.46884727,49.59822845
16.46705627,49.59765625
16.46286011,49.59691238
16.45322227,49.59638214
16.43017769,49.5965004
16.4205761,49.59610748
16.41633415,49.59537888
16.41447258,49.59476852
16.4065361,49.5901413
16.40442467,49.58850861
16.39906693,49.58298111
16.39367867,49.57847977
16.38234901,49.58839035
16.37598801,49.59479141
16.37156487,49.59756851
16.36789131,49.60065079
16.36387444,49.60348511
16.36230278,49.60558701
16.3605442,49.60903168
16.35890579,49.61115646
16.35042381,49.61671448
16.3475666,49.61771011
16.33984756,49.61956024
16.33727455,49.62065125
16.332407,49.62322617
16.32261086,49.62662888
16.31889534,49.627491
16.31554222,49.62763977
16.31253052,49.62717819
16.30788803,49.62522125
16.30426407,49.62434387
16.30002975,49.62389755
16.29558945,49.62382126
16.29125786,49.6241684
16.28738785,49.62512589
16.27937317,49.62950516
16.27441978,49.63321304
16.27005577,49.63606262
16.26822472,49.63790512
16.26161385,49.64611053
16.25870514,49.65269089
16.25708008,49.65494919
16.24933624,49.66094971
16.24486923,49.66347885
16.24097633,49.66638947
16.23172569,49.67137527
16.22798347,49.6723938
16.21725082,49.67357254
16.21320534,49.67422104
16.21141243,49.67471313
16.20630836,49.67684937
16.20254326,49.67773819
16.19177055,49.67892838
16.18772316,49.67961121
16.1790657,49.68278503
16.17501259,49.68346024
16.16632271,49.6843605
16.16227722,49.68507767
16.15918732,49.68617249
16.15557098,49.68793488
16.15224266,49.68894577
16.14515877,49.69059753
16.14018059,49.6927948
16.13720131,49.69371414
16.13349915,49.69408417
16.12975121,49.6938858
16.12800026,49.69357681
16.1264286,49.69311523
16.12197876,49.69097519
16.11862946,49.69018936
16.11486435,49.68997955
16.11296082,49.69009781
16.10937119,49.69087982
16.10695076,49.69213104
16.10178947,49.6954422
16.09977531,49.69736099
16.09667587,49.70322037
16.0929718,49.70731735
16.09213829,49.70884323
16.09149361,49.71149445
16.09126282,49.71575165
16.05865288,49.71710968
16.05228424,49.71799088
16.04520226,49.7204628
16.04118919,49.72128677
16.03419876,49.72181702
16.01940346,49.72219086
16.01263618,49.72309875
16.00891495,49.72460175
16.00679588,49.72670746
16.00380325,49.73374557
16.00204086,49.73660278
16.0003643,49.73841476
15.9991293,49.73921967
15.99594593,49.74026108
15.99419498,49.74048233
15.99072838,49.74040985
15.98591137,49.7395668
15.98078918,49.73807144
15.97732258,49.73624039
15.97457981,49.73391342
15.97270107,49.73102951
15.97183895,49.72780609
15.9716053,49.71276093
15.97107124,49.70952225
15.96973419,49.7064476
15.96799088,49.70438004
15.9644556,49.70173645
15.95760155,49.6986084
15.95405483,49.69669724
15.95079041,49.69554138
15.94437027,49.69465637
15.93731499,49.69443512
15.92768669,49.69464111
15.9208498,49.69519806
15.91683483,49.69593048
15.91037655,49.69858932
15.9087429,49.69902039
15.90510178,49.69944763
15.90132618,49.69932556
15.89780998,49.69860458
15.89139557,49.69567871
15.88389111,49.6933136
15.87851143,49.69128799
15.87095547,49.69490814
15.86805916,49.69662857
15.86449242,49.69962692
15.86288548,49.7020607
15.8620348,49.70485687
15.86171341,49.70786667
15.86222744,49.72187424
15.86192894,49.72626495
15.86098957,49.7289505
15.86009312,49.73017883
15.85876656,49.73126602
15.85707855,49.73208618
15.85521221,49.73263168
15.85118771,49.73319626
15.83820915,49.73363876
15.83409309,49.73401642
15.83048916,49.73481369
15.82548237,49.73698807
15.82193375,49.73790359
15.80394173,49.74046326
15.78881264,49.74144363
15.78478813,49.74215317
15.7829237,49.74275208
15.7802,49.74422455
15.77816391,49.74630737
15.77583694,49.75115585
15.77439594,49.75334167
15.77058411,49.75646973
15.76592541,49.76130676
15.76152229,49.76422882
15.7541914,49.76733398
15.75064754,49.76924515
15.74762726,49.77033997
15.74387169,49.77099228
15.73125839,49.77199554
15.72706127,49.77267838
15.72300911,49.7738533
15.71427536,49.77695465
15.71147633,49.77817917
15.7072773,49.78111267
15.7027607,49.78364563
15.69899845,49.78661346
15.69441795,49.78905869
15.69126415,49.79110336
15.68837643,49.79236603
15.68655014,49.79284286
15.67632675,49.79469681
15.66828728,49.79702759
15.66410732,49.79792786
15.64749336,49.79969025
15.64412403,49.80055237
15.63917446,49.80279541
15.63744354,49.80330276
15.63133907,49.804142
15.62236023,49.80428314
15.61793041,49.80403519
15.61380196,49.80350113
15.61030102,49.80257034
15.60560608,49.80029678
15.60391998,49.79980087
15.60003376,49.79925156
15.595788,49.79926682
15.59361553,49.79950333
15.58936691,49.80053711
15.58551693,49.80219269
15.58019066,49.80524445
15.55620956,49.82109833
15.51643467,49.84682465
15.50849247,49.85269928
15.50193882,49.8594017
15.50444412,49.86384964
15.50574112,49.86842346
15.50628662,49.87470245
15.50596046,49.8824501
15.50543118,49.8853569
15.50448227,49.88798904
15.50288963,49.89011002
15.49851036,49.89318848
15.49774456,49.89494705
15.4979353,49.89605331
15.49853516,49.89709854
15.50059795,49.89896774
15.50511456,49.9012146
15.50891972,49.90221024
15.5173111,49.90330124
15.52146435,49.90416718
15.5251894,49.9057045
15.52821922,49.9078331
15.53019619,49.91035461
15.53136826,49.9143486
15.53134823,49.91992188
15.53032303,49.92636108
15.53082466,49.93529129
15.53025723,49.94420624
15.53119087,49.95045853
15.53127956,49.95498657
15.53042793,49.95929337
15.52977467,49.96060562
15.52785492,49.96266174
15.52157688,49.96678925
15.51871872,49.96802521
15.50996208,49.97003174
15.50171947,49.97330856
15.49264717,49.97534943
15.48467255,49.97854233
15.47585106,49.98054504
15.47296906,49.98173904
15.46634007,49.98547363
15.46360302,49.98780823
15.46283817,49.98971558
15.46418285,50.00167465
15.46392536,50.00362396
15.46342087,50.00457001
15.46177959,50.00622177
15.45391369,50.01058578
15.45062637,50.01174545
15.44632721,50.01240158
15.43217182,50.01304626
15.42557621,50.01381302
15.42366409,50.01429749
15.41674995,50.01687241
15.40690899,50.01873016
15.4029026,50.01979065
15.39250565,50.02374268
15.38969707,50.02511597
15.38232613,50.03118896
15.37327766,50.03791809
15.37504578,50.03975677
15.37659931,50.04208755
15.3792572,50.05071259
15.38085079,50.05328369
15.38212585,50.05437851
15.38361073,50.0551796
15.38702583,50.05626297
15.39449024,50.05801773
15.39961243,50.06031036
15.40243912,50.06224823
15.40627003,50.06576538
15.40930271,50.06806183
15.41114426,50.07016373
15.41180038,50.07147598
15.41258907,50.07431412
15.41299915,50.07887268
15.41278553,50.08508301
15.41199112,50.08952332
15.41007519,50.09335709
15.40580654,50.09773636
15.40201855,50.10545349
15.3997097,50.10863876
15.40288162,50.10954666
15.40659809,50.11026764
15.41287518,50.11054611
15.41677666,50.11013031
15.41851616,50.10971832
15.42357922,50.10772324
15.42712402,50.10689163
15.43779373,50.1059227
15.44363117,50.10416412
15.44790554,50.1014595
15.4568491,50.09653473
15.45853519,50.09601974
15.46227169,50.09553146
15.46611023,50.09565735
15.46794319,50.09594727
15.47093296,50.09692383
15.47584248,50.0991478
15.48467541,50.10123444
15.48759079,50.10236359
15.49114799,50.10414886
15.49929523,50.10643768
15.50262165,50.10786438
15.5046854,50.10961533
15.50749969,50.11365891
15.51045799,50.12144089
15.51205254,50.12400818
15.51416397,50.12586975
15.51695347,50.12739563
15.52745819,50.13126373
15.5315361,50.13249969
15.54463577,50.13471222
15.55612183,50.13737106
15.5594902,50.1374321
15.56254864,50.13685989
15.57125473,50.13228226
15.57536602,50.12961578
15.57966995,50.12819672
15.5843277,50.12732315
15.58759022,50.12712479
15.60293484,50.12779236
15.62099266,50.12811661
15.63120556,50.12807465
15.63850117,50.12774658
15.64500618,50.12682724
15.6468401,50.12629318
15.65187073,50.12410355
15.6553793,50.12317657
15.65933323,50.12256241
15.66880417,50.12160492
15.67385197,50.12173462
15.685709,50.12313461
15.68927193,50.12405014
15.69432259,50.12614822
15.69778347,50.12690353
15.71159744,50.12772369
15.71426487,50.12857056
15.71649647,50.12988281
15.72220898,50.13425446
15.72406864,50.13620377
15.72751045,50.14402771
15.73164558,50.15055847
15.73436832,50.15712738
15.73599911,50.15942001
15.74216557,50.16376114
15.74464512,50.16513443
15.74872875,50.16628647
15.75580597,50.16702652
15.76584911,50.16722488
15.77316761,50.16688919
15.77767754,50.16617203
15.77974415,50.16552353
15.78158474,50.16458511
15.78293991,50.16343689
15.78448582,50.16083145
15.78650379,50.15053558
15.79287815,50.13340378
15.79453754,50.13101196
15.79589176,50.12995911
15.79770279,50.1291008
15.80180264,50.12815857
15.80831623,50.12798309
15.81252861,50.12849426
15.81448078,50.12895966
15.81749821,50.13024139
15.82053757,50.13227844
15.82830906,50.13667679
15.83145142,50.13790131
15.83353806,50.13834
15.84057045,50.13896561
15.8581152,50.13927841
15.86274242,50.13973236
15.8667984,50.1407814
15.86927223,50.14209366
15.87544155,50.1462822
15.87701702,50.14841843
15.87866306,50.15186691
15.88010693,50.1540451
15.88382816,50.15724182
15.88863277,50.16198349
15.89172363,50.16392136
15.89549446,50.16544724
15.89773369,50.16599655
15.90238476,50.16658783
15.90937805,50.16661835
15.91377544,50.1661644
15.91765118,50.16526031
15.92273903,50.16312027
15.92449856,50.16261292
15.928545,50.16191101
15.94222546,50.16043472
15.94849682,50.15880585
15.9570961,50.15555954
15.95991325,50.15417862
15.96850491,50.14696884
15.97586918,50.14133072
15.97954464,50.13796234
15.98204994,50.13446808
15.9860239,50.12231827
15.98792744,50.11204529
15.98945045,50.10946274
15.99079514,50.10833359
15.99257278,50.10744476
15.99456501,50.10684204
15.99892426,50.10621262
16.00605202,50.10601044
16.03389931,50.10644531
16.04079628,50.10587311
16.04473305,50.10481644
16.04717636,50.10347748
16.05329704,50.09929657
16.05487442,50.09715652
16.05654144,50.09370041
16.05802917,50.09153366
16.06189346,50.08840561
16.06558418,50.0847702
16.06836128,50.0827446
16.07356644,50.08032227
16.08333015,50.07819366
16.08671951,50.0771637
16.09127998,50.07460022
16.09612274,50.07229614
16.10053825,50.06971359
16.11224365,50.06639481
16.11666298,50.06379318
16.1214447,50.061409
16.12574959,50.05854797
16.13464546,50.05429459
16.13925934,50.05111694
16.14523315,50.04590988
16.15273476,50.04481888
16.15448761,50.04430771
16.15949249,50.04214096
16.16314697,50.04125214
16.16955757,50.04063416
16.17879677,50.04059601
16.18575287,50.04111481
16.19020653,50.04187012
16.2003212,50.04484558
16.20465279,50.04571152
16.22094536,50.0479393
16.22677231,50.04802322
16.2322216,50.04723358
16.24116898,50.0450058
16.24497223,50.04343796
16.25741959,50.03714371
16.2611351,50.03591537
16.26651955,50.03478241
16.26987267,50.03426743
16.27331924,50.03408813
16.2908535,50.03475952
16.29791832,50.03560257
16.30214691,50.0369339
16.30548286,50.03888321
16.30783463,50.04134369
16.30887794,50.04411316
16.30882263,50.04681778
16.30789375,50.04927063
16.30710411,50.0503273
16.3037281,50.05322266
16.30253029,50.05535889
16.30220222,50.0577774
16.30237961,50.05899429
16.30355072,50.06127548
16.31116676,50.06705475
16.31580734,50.06948853
16.31985092,50.07232285
16.32443428,50.07478714
16.33213615,50.08077621
16.33302307,50.08194351
16.3341198,50.08460617
16.33554459,50.0920372
16.33663177,50.09502029
16.33886719,50.0982666
16.3443222,50.10427475
16.34550476,50.10515594
16.34832764,50.10657501
16.35886383,50.11045837
16.36294174,50.11146927
16.37289238,50.11323929
16.38108826,50.11655426
16.38822174,50.11815262
16.39155006,50.11919785
16.39763451,50.12237549
16.41563606,50.12932587
16.42050362,50.13190079
16.42337227,50.1330719
16.43228722,50.13511658
16.4338932,50.13565063
16.43874168,50.13792419
16.44204521,50.13885117
16.44742966,50.13995743
16.45075035,50.14104462
16.45805931,50.14596558
16.45974541,50.14787292
16.46064568,50.15023041
16.4619236,50.15772629
16.46330261,50.1599884
16.46556854,50.16152954
16.46859169,50.16230774
16.47160339,50.16237259
16.47734451,50.16194916
16.48308372,50.16091537
16.48477745,50.16034698
16.49105644,50.15733337
16.49812317,50.15554047
16.50140953,50.15442657
16.5060463,50.1517601
16.50884056,50.15060425
16.51707458,50.14768219
16.52075958,50.14678574
16.52244949,50.14661789
16.52567863,50.14673996
16.52839661,50.14743805
16.53343391,50.14939117
16.53725624,50.15004349
16.54157257,50.15042114
16.55814362,50.15068436
16.57633209,50.15003204
16.57625771,50.15014267
16.58166122,50.1492157
16.58168983,50.14921188
16.58367157,50.14887238
16.5838604,50.14632034
16.58392715,50.14628601
16.584198,50.14611816
16.58459282,50.14588165
16.58465195,50.14574814
16.58467293,50.14564896
16.5842247,50.14513016
16.58401489,50.14502335
16.58395767,50.14498138
16.584198,50.14173889
16.58430481,50.14169693
16.58469009,50.14170074
16.5847683,50.14164734
16.58509445,50.14156723
16.58521843,50.14148712
16.58524513,50.14142227
16.58550453,50.14134598
16.58578873,50.14136124
16.58588982,50.14129257
16.58600616,50.14129257
16.5860939,50.14122391
16.58632851,50.14118576
16.58640671,50.14110947
16.58654594,50.14103317
16.58660698,50.14089203
16.58682823,50.14082718
16.58685875,50.14084244
16.58706093,50.14078522
16.58713531,50.14072037
16.58727074,50.14070511
16.58738899,50.14063263
16.58761215,50.14056015
16.5876503,50.14052582
16.5877552,50.140522
16.58793068,50.14046097
16.58810234,50.14048386
16.5880928,50.14051819
16.58832741,50.14051056
16.58844376,50.14053726
16.58868217,50.14045715
16.5886898,50.14037704
16.58872032,50.14036179
16.58876419,50.14035797
16.58893585,50.14022827
16.5891819,50.1401825
16.58929253,50.14015961
16.5893383,50.14009857
16.58937073,50.14009476
16.58943939,50.14014816
16.58936691,50.14017868
16.58946228,50.14021301
16.58956909,50.14016342
16.58987236,50.14011383
16.58988953,50.14008331
16.58998108,50.14009476
16.59001923,50.14017487
16.59018898,50.14016342
16.59024048,50.1401329
16.59031487,50.14020538
16.59051895,50.14022064
16.59063339,50.14028168
16.59069061,50.14028549
16.59067917,50.14033127
16.59083176,50.1403389
16.59083176,50.14026642
16.5909996,50.14031601
16.59108734,50.1402359
16.59116554,50.14025116
16.59132767,50.14033127
16.59142685,50.14041138
16.59145546,50.14030457
16.59158707,50.14034653
16.59169388,50.14029312
16.59178352,50.14039612
16.59196281,50.14049911
16.59204865,50.14054871
16.5921402,50.14060211
16.59237099,50.14053726
16.59295273,50.14045715
16.59310913,50.14042282
16.59326172,50.14035797
16.59348488,50.14034271
16.59362984,50.14035034
16.59401894,50.14041138
16.59402847,50.14046478
16.59422493,50.14050674
16.59428596,50.14056015
16.59435081,50.14056015
16.59440994,50.14052963
16.59451675,50.14057541
16.59479904,50.14056778
16.59486008,50.14052963
16.59516907,50.14047623
16.59520721,50.14044571
16.59531784,50.1404686
16.59540176,50.14040756
16.59541321,50.14034271
16.59545517,50.14035034
16.59554291,50.14025116
16.59559059,50.14021301
16.59555244,50.14016342
16.59557724,50.1399765
16.59583282,50.13979721
16.59605408,50.1398468
16.59615517,50.13991165
16.59631729,50.13991165
16.59634972,50.13986206
16.59643173,50.13986969
16.59654045,50.13981247
16.59658051,50.13980865
16.59664345,50.1397438
16.59686279,50.13963318
16.5968647,50.13952637
16.5970211,50.13956451
16.59711838,50.13952637
16.59710503,50.139431
16.59725952,50.13941574
16.59723854,50.13933182
16.59739113,50.13930893
16.59755325,50.13920975
16.59774971,50.13924789
16.59776497,50.13918304
16.59790993,50.13916016
16.59788322,50.13910294
16.59795761,50.13910294
16.59801865,50.13914871
16.59813499,50.13903809
16.59844398,50.13893127
16.59846687,50.13883209
16.59855843,50.13883972
16.59866714,50.13895035
16.59872055,50.13889313
16.59885788,50.13892365
16.59903145,50.1387291
16.59895325,50.13870621
16.59925079,50.13853073
16.59945488,50.13848877
16.59939194,50.13839722
16.59943962,50.1383667
16.59934616,50.13815689
16.59938622,50.13806915
16.59943008,50.13805008
16.59938431,50.13796997
16.5995369,50.13792419
16.59953499,50.13776779
16.59961128,50.1376915
16.59963417,50.13766479
16.59973335,50.13771439
16.59976959,50.13765335
16.59971046,50.13755035
16.59980011,50.13744354
16.59989166,50.13740158
16.59986877,50.13730621
16.59988976,50.13726425
16.59984589,50.13721466
16.59992218,50.13717651
16.60001373,50.13709641
16.60013771,50.13714981
16.60017204,50.13713837
16.60014915,50.13704681
16.6001873,50.13693619
16.60028839,50.13693619
16.6005497,50.1368866
16.60059547,50.13690948
16.60069275,50.13669968
16.60075378,50.13667297
16.60077477,50.13660049
16.60088348,50.13656616
16.60100937,50.13657761
16.60097313,50.13653183
16.60094643,50.13644409
16.60094643,50.13634491
16.60098839,50.13631821
16.60105896,50.13600922
16.60100937,50.13594437
16.60106659,50.135952
16.60122681,50.13591003
16.60133171,50.13591766
16.6014061,50.13587952
16.60152435,50.13577271
16.60153198,50.13571167
16.60160446,50.13567352
16.60168457,50.13579178
16.601717,50.13579559
16.60168457,50.13553238
16.60193253,50.13526535
16.60204315,50.13528824
16.60208702,50.13520432
16.60205269,50.13512802
16.60217476,50.13504028
16.60224533,50.13500977
16.60234833,50.13501358
16.60240555,50.13494492
16.60252571,50.13495636
16.60264587,50.13484192
16.60260201,50.13479614
16.6026783,50.13473511
16.60282898,50.13481903
16.60288811,50.13475037
16.60283089,50.13470459
16.60288239,50.13466263
16.60312462,50.13463974
16.60317612,50.13463593
16.60326576,50.13466644
16.60326958,50.13452911
16.60332298,50.13444519
16.60331535,50.13432693
16.60333633,50.13417435
16.60336304,50.13412476
16.6034317,50.13410187
16.60350609,50.13401031
16.60366631,50.13399887
16.60373497,50.13394165
16.60400963,50.13386536
16.60408592,50.13381577
16.60418701,50.13391876
16.60434341,50.13373947
16.60460854,50.13366318
16.60469818,50.13359451
16.60477066,50.13363647
16.60472488,50.13370895
16.60510254,50.1337471
16.6051445,50.13371658
16.60511589,50.1336937
16.60516357,50.13363266
16.60538292,50.13364029
16.60548401,50.1336937
16.60557175,50.13363266
16.60566521,50.13368988
16.60569,50.13366318
16.60575485,50.13365936
16.60592079,50.13349533
16.60604095,50.13356781
16.60607147,50.13362885
16.60617447,50.13366318
16.60641479,50.13353348
16.60644913,50.13356018
16.60656166,50.13354874
16.60657501,50.13360596
16.60667992,50.13367462
16.60682106,50.13367462
16.6068821,50.13363266
16.6069622,50.13359451
16.60696411,50.13351822
16.60716248,50.13353729
16.60721016,50.13351059
16.60732079,50.13356781
16.60732079,50.13352966
16.60725212,50.13346863
16.60749435,50.13340759
16.60762978,50.13339233
16.60770035,50.13345718
16.60763931,50.13349533
16.60782242,50.13351822
16.60794067,50.1334877
16.60795021,50.13357544
16.60802078,50.13354492
16.60817337,50.13356781
16.60824585,50.13353729
16.6084137,50.1335144
16.60843086,50.13346481
16.60852242,50.13346481
16.60859871,50.13340759
16.6088047,50.1335144
16.60896492,50.133461
16.60917664,50.13346481
16.60923195,50.1334877
16.60931778,50.133461
16.60962296,50.13340759
16.60970688,50.13332367
16.60977745,50.13332748
16.60984802,50.13324738
16.60998535,50.13323212
16.61007309,50.13322067
16.6101284,50.13320923
16.61017036,50.13315201
16.61023521,50.13314056
16.61035538,50.13320923
16.61045837,50.13318634
16.6105423,50.1330719
16.61062813,50.13301849
16.61063576,50.13295746
16.61083221,50.13298416
16.61090851,50.1329422
16.61088753,50.13291168
16.61103249,50.13287354
16.61104012,50.13284683
16.61112213,50.1328392
16.61115456,50.13285065
16.61122322,50.13281631
16.61142349,50.13283157
16.6114006,50.13279343
16.61149406,50.13278961
16.61159515,50.13272858
16.61154556,50.13272095
16.61153984,50.1326828
16.61162567,50.13263702
16.61157799,50.13260269
16.61180878,50.13251495
16.61174583,50.13248062
16.61176872,50.13239288
16.611866,50.1323967
16.61186218,50.13233185
16.61229515,50.1321907
16.6124382,50.13214111
16.61253548,50.13204956
16.61265373,50.13198853
16.61271667,50.13200378
16.61273956,50.1319809
16.61283875,50.1319809
16.61284828,50.13195038
16.61292648,50.13193893
16.612957,50.1319046
16.61304855,50.13187408
16.6130867,50.13180161
16.61301804,50.13173294
16.61310577,50.13171005
16.61320114,50.13166809
16.61327553,50.13158417
16.61326218,50.13155365
16.61343956,50.13156509
16.61346245,50.13150787
16.61352921,50.13143539
16.61338043,50.1314621
16.61340714,50.13140106
16.61345863,50.13121796
16.613451,50.13114166
16.61333084,50.13110733
16.61341095,50.13106918
16.61349678,50.13096237
16.61347771,50.13092041
16.61339951,50.13092804
16.61341858,50.13075638
16.61347389,50.13069153
16.61347961,50.13062286
16.61344147,50.13058472
16.61343002,50.13049698
16.61330795,50.1304245
16.61316299,50.13029099
16.61308289,50.1302948
16.61302376,50.13025665
16.61304855,50.13020706
16.61302185,50.13017273
16.6130619,50.13007736
16.61299706,50.13005447
16.61297035,50.12996674
16.6129837,50.12994003
16.61298943,50.12984848
16.61298561,50.12979126
16.61302185,50.12979126
16.6129837,50.12969208
16.61309624,50.12946701
16.61306,50.12930679
16.61300087,50.12919617
16.61302185,50.12915802
16.61308098,50.12912369
16.61307716,50.12896347
16.61300087,50.12892151
16.61300278,50.12879181
16.61306,50.12875366
16.61312485,50.12868881
16.61309624,50.12862015
16.61310387,50.12855911
16.61302567,50.12850952
16.61306953,50.12849426
16.61305237,50.12845612
16.61308098,50.12840652
16.61315536,50.12825775
16.61315918,50.12820053
16.61316872,50.12807846
16.61317253,50.12802505
16.61291695,50.12799072
16.61290932,50.12794113
16.61288643,50.12792587
16.61290741,50.12788773
16.61288834,50.12786102
16.61282158,50.12784195
16.61288834,50.12774277
16.61305046,50.12762451
16.61320877,50.12751389
16.61313438,50.12747192
16.61317062,50.12743759
16.61314201,50.127388
16.61322212,50.12731934
16.6131649,50.12727356
16.61320305,50.12715912
16.6131897,50.12706757
16.6132431,50.12704468
16.61327171,50.12702942
16.61331749,50.12688446
16.61330414,50.12670517
16.61340904,50.12666321
16.61347389,50.12654495
16.61364174,50.12656021
16.61359596,50.12631989
16.61363602,50.12620544
16.61368752,50.12620544
16.61371231,50.12615204
16.61382294,50.12614441
16.61385727,50.12604523
16.6137867,50.1259346
16.61384392,50.12591553
16.61386299,50.12586975
16.61375809,50.12584305
16.61375046,50.12572098
16.61382103,50.12565613
16.61377335,50.12562561
16.61379623,50.12541199
16.61383247,50.12534714
16.61395264,50.12521362
16.61396408,50.12511063
16.61406136,50.12502289
16.61420631,50.12494278
16.61427498,50.12493896
16.61435509,50.12485123
16.61460686,50.12478638
16.61473465,50.12478256
16.61475563,50.12459946
16.61482048,50.12456894
16.61495399,50.12449265
16.61521339,50.12442398
16.61533546,50.12433624
16.61552048,50.12432861
16.61573601,50.12425995
16.6158886,50.12425232
16.61596489,50.12422943
16.61606979,50.12427521
16.61639786,50.12404633
16.61659813,50.12391663
16.6166687,50.12392426
16.61668968,50.12387466
16.61674309,50.12386322
16.61672211,50.12381744
16.61680984,50.12374115
16.61698151,50.12363434
16.6170578,50.12366486
16.61706161,50.12363434
16.61713982,50.12361908
16.61713219,50.12358475
16.61719704,50.12358475
16.61721039,50.12350845
16.61733627,50.12348175
16.6174469,50.12340164
16.61760139,50.12329865
16.61772156,50.12332153
16.61783791,50.1232605
16.61793327,50.12327194
16.61805534,50.12319565
16.61798859,50.12311172
16.61809731,50.1230278
16.61826897,50.12301636
16.61840248,50.12291718
16.61833572,50.12281799
16.61845589,50.12278366
16.61863136,50.12265396
16.61880112,50.12252426
16.61888695,50.12245941
16.61904716,50.12240982
16.61919022,50.12231064
16.61941338,50.12222672
16.6194706,50.12216187
16.61960793,50.12213516
16.61982346,50.12195969
16.62003326,50.1219101
16.62017059,50.12188721
16.62035561,50.12193298
16.62048912,50.12192154
16.62084007,50.12180328
16.62093353,50.1218071
16.62103653,50.12177277
16.62146187,50.12174606
16.62182808,50.12176514
16.62187958,50.12179184
16.62195206,50.12175751
16.62205315,50.12174225
16.62213326,50.12176895
16.6223278,50.12171936
16.62269974,50.12163544
16.62302971,50.12158203
16.62320709,50.12162781
16.62350655,50.12161255
16.62371254,50.12143707
16.62405968,50.12141037
16.62448692,50.12126923
16.62467766,50.12119293
16.6248703,50.12109756
16.62504387,50.12101746
16.62517166,50.12102127
16.62545586,50.12081909
16.62550735,50.12078094
16.62560654,50.12059784
16.62572289,50.12052155
16.62580109,50.12047195
16.6258812,50.1202774
16.626194,50.11969376
16.62659264,50.11929703
16.62711716,50.11878586
16.62736511,50.11842346
16.62776375,50.11785126
16.62812805,50.11734772
16.62847137,50.11678314
16.62903976,50.11622238
16.62979126,50.11556244
16.629879,50.11553955
16.63038445,50.11536407
16.63069344,50.11529541
16.63097763,50.1152153
16.63153076,50.11502457
16.63173676,50.11494064
16.63194847,50.11480713
16.632061,50.11460876
16.63198853,50.11427689
16.63198471,50.11389542
16.63203239,50.11367798
16.63212967,50.1133728
16.63243675,50.11280823
16.63279724,50.1121788
16.63298225,50.11190033
16.63325691,50.11157227
16.63344574,50.11140442
16.63360786,50.11133957
16.63378906,50.11130142
16.63386154,50.11130524
16.63419724,50.11131287
16.63505173,50.11133957
16.635355,50.11135101
16.63584137,50.1113472
16.63711739,50.11143875
16.63746834,50.11145401
16.63784599,50.11146164
16.63836861,50.1114769
16.63859558,50.1114769
16.63871002,50.11149216
16.63887596,50.11151886
16.63904953,50.11155319
16.63925171,50.11161804
16.63949203,50.11169434
16.6397419,50.11178207
16.63999748,50.11187744
16.64045715,50.11203003
16.64066315,50.11209488
16.64082146,50.11214066
16.64087486,50.11215591
16.64104462,50.1121788
16.64116478,50.1121788
16.64126968,50.11217117
16.64144707,50.11214447
16.6416378,50.11211777
16.64210701,50.11203384
16.64240646,50.11198425
16.64292145,50.11188126
16.64331627,50.11180115
16.64362907,50.11170959
16.64376831,50.11166382
16.64403915,50.1115303
16.6442852,50.11139297
16.64453697,50.11132431
16.64469337,50.11126328
16.64494324,50.11119461
16.64521599,50.1111145
16.64544868,50.11104965
16.64556694,50.11103058
16.64583397,50.11096954
16.64620781,50.11091232
16.64642525,50.11090088
16.64699745,50.11089706
16.64709663,50.11089325
16.64733505,50.11087036
16.64748764,50.11085892
16.64751625,50.1108551
16.64780998,50.11085129
16.6480484,50.11084747
16.64818382,50.11083984
16.64832687,50.11083221
16.64842415,50.11081696
16.6485405,50.11078262
16.64876366,50.11069107
16.64908791,50.1105423
16.64942169,50.11045837
16.64962387,50.11040115
16.64982414,50.11032867
16.64997864,50.1102562
16.65019035,50.11016846
16.65036583,50.11011505
16.65040016,50.11010742
16.65069008,50.11005783
16.65085793,50.11003113
16.65125847,50.10998917
16.65179825,50.10987473
16.65260887,50.10987091
16.65293312,50.10985184
16.65319824,50.10982895
16.65349579,50.10978699
16.65397835,50.10965347
16.65415573,50.10959244
16.65447807,50.10948181
16.65499878,50.10935593
16.65514755,50.10930252
16.65545654,50.10919571
16.65559006,50.10913086
16.65576935,50.10905838
16.65605927,50.10892105
16.65665817,50.10876083
16.65716743,50.10868073
16.65753174,50.10860062
16.65787125,50.1084938
16.65812683,50.1084404
16.65843773,50.1084137
16.65867233,50.10837936
16.65906525,50.10832596
16.65950775,50.10825348
16.66004944,50.10814285
16.66025352,50.10811615
16.66048622,50.10809326
16.66069412,50.10805511
16.66081238,50.1080246
16.66091919,50.10799789
16.66126633,50.10787964
16.6614666,50.10778046
16.66161919,50.10767746
16.66356277,50.10773849
16.6636467,50.10657883
16.66378593,50.10650635
16.66394997,50.10643005
16.66399574,50.10640717
16.6641407,50.10632706
16.66425133,50.10626602
16.66438675,50.1062088
16.66466331,50.10610962
16.66561508,50.1059227
16.66710663,50.10558701
16.66760635,50.10551071
16.66844368,50.10542679
16.66915703,50.10531998
16.6694603,50.1052742
16.67114639,50.10517502
16.67193794,50.10509491
16.6731472,50.10488892
16.67354774,50.10468674
16.67424774,50.10438156
16.6748848,50.10409164
16.6757679,50.10389709
16.67660332,50.10384369
16.67704391,50.10390091
16.67804718,50.10377502
16.67828369,50.1036911
16.67894173,50.10322189
16.67988014,50.1024704
16.68066025,50.10198975
16.68155861,50.10142136
16.68193626,50.10112762
16.6821804,50.10098267
16.68258476,50.10090256
16.68299294,50.10071182
16.68356705,50.1004715
16.68391609,50.10023499
16.68522835,50.09976578
16.68557358,50.09962845
16.68621635,50.09943008
16.68703461,50.09917831
16.68795204,50.0988884
16.68871307,50.09860992
16.68931007,50.09846878
16.68966484,50.09848404
16.68998337,50.09849548
16.6903019,50.09854889
16.69080544,50.09855652
16.69108391,50.0984993
16.69120026,50.09848022
16.69167328,50.09838867
16.69217491,50.09838867
16.69254494,50.09838867
16.6938076,50.09809494
16.69495773,50.09779739
16.69541168,50.09775925
16.69709206,50.09746933
16.69751358,50.0974617
16.69860268,50.09728622
16.69979286,50.0971489
16.70079422,50.0970459
16.7011795,50.09699631
16.70256233,50.09640121
16.70300484,50.09638596
16.70355225,50.09633636
16.70407677,50.09643173
16.70431519,50.0964241
16.70462036,50.09641647
16.70477295,50.09642792
16.70503616,50.09643936
16.70514488,50.09644318
16.70551491,50.09650803
16.70602798,50.09658432
16.70626259,50.09670258
16.70637321,50.0967598
16.70741653,50.09728622
16.70801735,50.09758377
16.70858002,50.09772873
16.70942879,50.09835815
16.70988274,50.09868622
16.71009827,50.0990715
16.71038246,50.0992775
16.71126556,50.09974289
16.71181679,50.09986115
16.7128582,50.10009003
16.71385765,50.10035706
16.71487999,50.10066986
16.71637535,50.10114288
16.71702766,50.10141754
16.71846008,50.10194397
16.71899986,50.10222244
16.71977806,50.10250854
16.72033882,50.10280609
16.72086716,50.10309982
16.72131538,50.10352325
16.72182846,50.10389709
16.72229576,50.1043129
16.7227478,50.10450363
16.72388268,50.1052475
16.72359276,50.10555267
16.723423,50.10584641
16.72334099,50.10613632
16.72320747,50.10644531
16.72315979,50.10667038
16.7233448,50.10705948
16.72347832,50.10729218
16.72363091,50.10747528
16.72434807,50.10794067
16.72517395,50.10839081
16.72594833,50.10884476
16.72719383,50.10969925
16.72758865,50.11096573
16.72786522,50.11191177
16.72790909,50.11201096
16.72847366,50.11298752
16.72861862,50.114151
16.72862434,50.1149025
16.72862816,50.1152916
16.72859764,50.11568451
16.72882843,50.11644745
16.72907639,50.11687851
16.7293663,50.11717224
16.73024178,50.1177597
16.73112106,50.1184082
16.73151779,50.11859894
16.73203278,50.11891937
16.73226357,50.11906433
16.73254204,50.11928558
16.73259926,50.11933136
16.73283386,50.11952209
16.73376846,50.12016678
16.73384857,50.12044907
16.73396492,50.1207695
16.7347374,50.12216568
16.73549843,50.12298584
16.73558807,50.12318802
16.73569298,50.12351608
16.7357235,50.12379074
16.736063,50.12422943
16.7362957,50.12441254
16.737257,50.12484741
16.73746681,50.12523651
16.73753166,50.12554932
16.73743439,50.12598038
16.73765945,50.12635422
16.73816681,50.12689209
16.73855782,50.12712479
16.7389164,50.12737656
16.73955727,50.12762451
16.74033737,50.12783432
16.74080276,50.12811661
16.74106598,50.12849808
16.74150276,50.12917328
16.74171066,50.1297226
16.74209023,50.13031387
16.74247169,50.13082886
16.74289131,50.13117981
16.74359703,50.13174438
16.74416351,50.13227081
16.74448586,50.13267899
16.74452782,50.13284302
16.74454498,50.1333313
16.74459267,50.1335907
16.74456406,50.13399506
16.74476814,50.13418579
16.74473572,50.13432312
16.74484062,50.13454056
16.74504089,50.13472366
16.7453022,50.13488388
16.74572182,50.13503647
16.74626923,50.13510895
16.74662018,50.13513565
16.74810791,50.13491058
16.74866486,50.13491821
16.74902725,50.13511276
16.74935341,50.13516998
16.75027847,50.13525391
16.7506237,50.13534927
16.75087357,50.13533783
16.75148582,50.13511658
16.75178719,50.13483047
16.75221252,50.13447571
16.75284195,50.13410187
16.75326347,50.13401413
16.75434875,50.13393021
16.75499153,50.13388824
16.75535011,50.13393784
16.75550652,50.13400269
16.75568008,50.1345253
16.75611496,50.13497925
16.75652504,50.1353035
16.75713539,50.13550949
16.75839806,50.13576508
16.75938416,50.13592148
16.75925255,50.13781357
16.76373291,50.1379509
16.76379585,50.13799667
16.76385498,50.13803101
16.76422691,50.138237
16.76493835,50.13853455
16.76571274,50.13885117
16.76607895,50.13913345
16.76614571,50.13918686
16.76665688,50.13960266
16.76708603,50.13989258
16.76776505,50.14017105
16.76834488,50.14030075
16.76947594,50.14050674
16.76984024,50.14060593
16.77056885,50.14076996
16.77100372,50.14103699
16.77168083,50.14133453
16.77228546,50.14158249
16.77267456,50.14165115
16.77311134,50.14190292
16.77355576,50.14200592
16.77409172,50.14213181
16.77485466,50.14230728
16.7751503,50.14250946
16.77565193,50.14273453
16.77654076,50.1430397
16.77728844,50.14328003
16.77795792,50.14347458
16.77851486,50.14367294
16.7800827,50.14401245
16.78133392,50.1442337
16.7817173,50.14436722
16.78196907,50.14455414
16.78222084,50.14472961
16.78276253,50.14511108
16.78334808,50.14559937
16.78323364,50.14577866
16.78330994,50.14629364
16.78350258,50.14655685
16.78350258,50.14706802
16.78341103,50.14748001
16.78343582,50.14757919
16.78345299,50.14764786
16.78353691,50.14800262
16.78303337,50.14870071
16.7820034,50.14941788
16.78199959,50.14965057
16.78199768,50.14980698
16.78171539,50.15035248
16.78168297,50.15078354
16.78162003,50.15133286
16.78185081,50.15158463
16.78254509,50.15180588
16.78280449,50.15207291
16.78284264,50.15211105
16.78382874,50.15244675
16.784338,50.15262222
16.78473473,50.15261078
16.78531837,50.15279388
16.78614044,50.15317535
16.7858963,50.15668106
16.7855835,50.1611824
16.79256248,50.16139603
16.79224777,50.16589737
16.79193687,50.17040253
16.79185867,50.17151642
16.79162025,50.17490387
16.79502869,50.17500687
16.79860115,50.17511749
16.79836655,50.17852783
16.79829025,50.17961884
16.79797745,50.18412399
16.80495834,50.1843338
16.80464554,50.18883896
16.80971718,50.18899155
16.80990601,50.18933868
16.81046104,50.18965912
16.81119919,50.19022751
16.81160927,50.19038391
16.81223488,50.19101334
16.81263161,50.19121933
16.81298828,50.19140244
16.81446266,50.19172668
16.8156414,50.19216919
16.81678772,50.19208527
16.81833839,50.19134903
16.81847382,50.19126892
16.81873322,50.19111252
16.81899261,50.19095612
16.81999016,50.19036865
16.82068443,50.18995667
16.82123566,50.18963242
16.82175636,50.18931961
16.82222939,50.18904114
16.82285309,50.18866348
16.82342529,50.18907928
16.82385826,50.1894455
16.82435799,50.18997574
16.82428741,50.1904335
16.82421112,50.19070435
16.82383347,50.19128418
16.82378578,50.19165039
16.82380676,50.19218826
16.82413864,50.1925354
16.82427788,50.1926651
16.82452774,50.19290543
16.82483482,50.19338989
16.8250351,50.19375992
16.82528114,50.19399261
16.82565498,50.19433975
16.82586861,50.19460297
16.82660866,50.19469833
16.82696342,50.19485855
16.82753944,50.19511795
16.82801247,50.19534302
16.82859039,50.19562149
16.82974052,50.19598007
16.83080673,50.19630432
16.83156204,50.19652939
16.83182716,50.19678116
16.8319664,50.19691086
16.83198547,50.19715118
16.83219337,50.19733047
16.83299637,50.19745636
16.83433151,50.19705582
16.83527184,50.19736099
16.83588791,50.19792938
16.83608627,50.19885635
16.83579826,50.19946289
16.83477783,50.20030594
16.83473969,50.20100403
16.83502388,50.20154953
16.83533669,50.20214462
16.83518982,50.20241165
16.83566666,50.20263672
16.83653831,50.20307922
16.83737564,50.20336151
16.83756638,50.20342636
16.83860588,50.2038269
16.83854866,50.20465851
16.8383255,50.20790482
16.84531021,50.20811462
16.8454113,50.20664597
16.84558105,50.20668411
16.84604073,50.20686722
16.84659958,50.20713425
16.84691238,50.20727921
16.8473835,50.20743561
16.84791183,50.20753098
16.848629,50.2076416
16.8490715,50.20746231
16.84937477,50.20729828
16.84977913,50.20665359
16.85029602,50.20604706
16.85069466,50.20582581
16.85090256,50.20552826
16.85104942,50.20531464
16.85114288,50.20497131
16.85144615,50.20479202
16.85195351,50.20467377
16.85221672,50.20448685
16.85267067,50.20433807
16.85336685,50.20404434
16.85435677,50.20397949
16.8548336,50.20362473
16.85539818,50.20347977
16.85619354,50.20315552
16.85670853,50.20305252
16.85695267,50.2029686
16.85716248,50.2028923
16.85766029,50.20277405
16.85801888,50.20275879
16.85844803,50.20256042
16.85855675,50.20241547
16.85891151,50.20227051
16.8591404,50.20215225
16.85949135,50.20197296
16.85990906,50.20183182
16.86106682,50.20147324
16.86188316,50.20110321
16.86207199,50.2009697
16.86235046,50.20043182
16.86253357,50.19963455
16.86252213,50.19960403
16.86688232,50.19973373
16.86691666,50.19922256
16.86699677,50.19805145
16.8671875,50.19523239
16.86990166,50.1953125
16.86688614,50.19178391
16.86335945,50.18941498
16.86198425,50.18818283
16.86022758,50.18579102
16.85824203,50.18216324
16.85655212,50.18003082
16.84585381,50.17200089
16.84396935,50.17013931
16.84024811,50.16242981
16.8358345,50.15588379
16.83194923,50.14586639
16.8275795,50.13932419
16.82465744,50.13273239
16.82301331,50.13044357
16.81895638,50.12732697
16.81385803,50.12274551
16.8093605,50.1200676
16.80226135,50.11702728
16.80029869,50.115448
16.79965019,50.11450195
16.79918671,50.11251068
16.79935074,50.11029434
16.79987526,50.10773468
16.80084991,50.10520172
16.80250549,50.10293198
16.80761528,50.09907532
16.81227493,50.09403229
16.81406021,50.09175491
16.81489944,50.08943939
16.81459808,50.08731461
16.81403923,50.0863533
16.8068676,50.08073044
16.80281258,50.07794571
16.8018856,50.0768013
16.80080414,50.07416534
16.80060005,50.06988144
16.80127335,50.06711578
16.80269814,50.06469727
16.80620575,50.06155014
16.80706406,50.0603981
16.80850029,50.05628204
16.80869293,50.05325699
16.80825806,50.0501709
16.8069706,50.04713058
16.80589867,50.04567719
16.80155945,50.04176712
16.79639244,50.0381813
16.76003838,50.01465225
16.75256729,50.01023483
16.74643707,50.00754929
16.74198341,50.00645447
16.73745155,50.00595093
16.72642708,50.00547409
16.72239113,50.00493622
16.72050476,50.00440216
16.71878052,50.00356674
16.71748543,50.00251007
16.7160511,50.00006485
16.71577263,49.99875641
16.715868,49.99606323
16.71676636,49.99334717
16.71755028,49.99201965
16.71981049,49.98952866
16.72809219,49.98269653
16.73023415,49.9801445
16.73096657,49.97874451
16.73175049,49.97583771
16.73182678,49.97290039
16.72950935,49.9637146
16.72945404,49.95928574
16.73011208,49.95636368
16.73434639,49.94815826
16.73968315,49.94185638
16.747715,49.93077087
16.7491951,49.92640305
16.75035095,49.91577911
16.75136566,49.91133499
16.75272751,49.90855789
16.75616074,49.90327454
16.75735092,49.90027237
16.76021576,49.889431
16.76522827,49.88162613
16.76603317,49.87889099
16.76592827,49.87619781
16.7654953,49.87491608
16.76361847,49.87265396
16.76058388,49.87123489
16.75255203,49.86912155
16.74449539,49.86500549
16.74226379,49.86367416
16.73640251,49.85938263
16.73451614,49.85734177
16.73344421,49.85462952
16.73303223,49.85010147
16.73348045,49.84540939
16.73543549,49.83591461
16.74121094,49.83487701
16.74607468,49.83328629
16.74831009,49.83198547
16.75221252,49.82863998
16.75621414,49.82561111
16.75700951,49.824543
16.7579689,49.82213974
16.75839233,49.81951141
16.75905609,49.80968475
16.75977325,49.80691528
16.76107597,49.80444336
16.76708794,49.79732132
16.76898766,49.79553223
16.7735405,49.79287338
16.77740288,49.78990555
16.78080368,49.78796005
16.78290176,49.78636932
16.78896141,49.77939606
16.79053688,49.77722549
16.79353905,49.7697525
16.79487038,49.76732635
16.79688644,49.76502228
16.80419922,49.75883102
16.80608559,49.75672531
16.80702019,49.75450516
16.80682373,49.75241089
16.80562401,49.75071335
16.80314255,49.74864578
16.80238724,49.74767685
16.80103683,49.74414825
16.80090332,49.74029541
16.80171394,49.73781204
16.80254745,49.73666
16.80377579,49.73563385
16.80535889,49.73485947
16.80711174,49.7343483
16.81089401,49.73382568
16.82120895,49.73323441
16.82540894,49.73257065
16.82731819,49.73204422
16.83088875,49.73065186
16.83568382,49.72800446
16.83847809,49.72596359
16.8408165,49.72369385
16.84173393,49.72245026
16.8429203,49.71977997
16.84358025,49.71563339
16.84349632,49.71011734
16.84262657,49.70170975
16.84322929,49.69276428
16.84306335,49.68227005
16.83800507,49.67892456
16.83304787,49.67490005
16.82509041,49.67034149
16.82236862,49.66917419
16.81380844,49.66693115
16.8109436,49.66546249
16.80681419,49.66159821
16.80360603,49.65794373
16.80275345,49.65658569
16.80164719,49.65351868
16.80127335,49.65035629
16.8014183,49.64717865
16.80254745,49.64255142
16.80709648,49.63474274
16.8075695,49.63232422
16.80722618,49.629879
16.80591583,49.62725067
16.79917336,49.61679459
16.79130363,49.60816956