14.34813309,50.64292145
14.35118484,50.63943863
14.35473347,50.63462448
14.35942936,50.6302948
14.36027718,50.62918472
14.37213516,50.60164642
14.3772831,50.59628296
14.37982082,50.59169769
14.38138008,50.58955765
14.38580036,50.58538437
14.38989162,50.57863235
14.39429569,50.57443237
14.397542,50.5687027
14.40278339,50.5634613
14.40602779,50.55773544
14.41125679,50.55248642
14.4144659,50.54673767
14.41970444,50.54150391
14.42308712,50.53587341
14.42496395,50.53409958
14.42804813,50.53202057
14.43550301,50.52592468
14.43700027,50.52353668
14.43936157,50.5153923
14.44095612,50.51298904
14.44297695,50.51142883
14.4494791,50.5073967
14.45276165,50.5063324
14.46,50.50462723
14.46305466,50.50333405
14.4661417,50.50071716
14.46801472,50.49754333
14.46608353,50.49443054
14.46526241,50.491745
14.46521664,50.48906326
14.46600437,50.48656464
14.46761703,50.48461914
14.47784328,50.47666168
14.47934914,50.47440338
14.48013783,50.4718399
14.48029423,50.46463013
14.48119926,50.45848465
14.48116398,50.45404434
14.47989082,50.44984436
14.47762871,50.44742203
14.4760294,50.44654846
14.47238827,50.44543839
14.4591074,50.44340515
14.44581795,50.44203568
14.44197083,50.44128418
14.4355402,50.43935394
14.43269157,50.43799973
14.43050098,50.43625641
14.42095566,50.4260025
14.4187727,50.42447281
14.41604805,50.42346573
14.4114809,50.42306137
14.38974094,50.42368698
14.38486004,50.42365265
14.38021564,50.42329788
14.37593079,50.42228699
14.3740406,50.42136765
14.37255001,50.42015457
14.37152672,50.41880035
14.37042141,50.41585922
14.37002468,50.41270828
14.37011623,50.40606689
14.37082195,50.39940643
14.37152767,50.39626312
14.37269688,50.39341354
14.37678242,50.38877869
14.37873459,50.38467789
14.37971592,50.37822342
14.37990665,50.3697319
14.37952709,50.36478424
14.37821579,50.36029434
14.37739086,50.35898972
14.37416077,50.35569
14.37144756,50.35160828
14.3696022,50.34955978
14.36656761,50.34793472
14.36472225,50.34745026
14.36073685,50.34699249
14.35442924,50.34723663
14.34174538,50.34874725
14.32569313,50.34934235
14.30407619,50.34940338
14.29625702,50.34900665
14.29131031,50.34835815
14.28157806,50.34576797
14.27117252,50.33987427
14.26221657,50.33350372
14.25994396,50.33126831
14.25696373,50.32751083
14.2527771,50.32896805
14.24479294,50.33111954
14.23475933,50.33423233
14.23014832,50.33502579
14.21662235,50.33647156
14.21301937,50.33731461
14.20821667,50.33914566
14.20673275,50.3394165
14.20346832,50.33951569
14.19989109,50.3389473
14.19633484,50.33781052
14.18844509,50.33492279
14.18249512,50.33166504
14.18093586,50.3310585
14.17221832,50.32883453
14.16576195,50.32603073
14.16201591,50.32510376
14.15542412,50.32445526
14.14826488,50.32423782
14.13098717,50.32419968
14.12137985,50.32444382
14.11689186,50.32479858
14.11283112,50.32548904
14.11105919,50.3260231
14.10460091,50.32882309
14.09752941,50.33045578
14.09423447,50.3314476
14.09063721,50.33318329
14.08755493,50.33426666
14.08352375,50.33498001
14.07485771,50.33589172
14.07081699,50.33655548
14.06903362,50.33704758
14.06393909,50.33913803
14.06052876,50.33989334
14.05247593,50.34043884
14.03085899,50.34104156
14.01935482,50.34098816
14.01308823,50.3404007
14.01119328,50.33999252
14.0080986,50.33877945
14.00279236,50.33544159
14.00072002,50.33381653
13.99918747,50.33138657
13.99835491,50.32723999
13.99870205,50.32141876
13.99993801,50.31731415
14.0014677,50.31501007
14.00509644,50.3118782
14.00596905,50.3107338
14.00741673,50.30674744
14.00722599,50.30255127
14.00576115,50.29991531
14.00437164,50.29876328
14.00260353,50.29791641
13.99859238,50.29703903
13.99424076,50.29676819
13.97809601,50.29682159
13.97374916,50.29647064
13.96982765,50.2955246
13.9681654,50.29469299
13.96599102,50.29240036
13.96499634,50.28981781
13.96371269,50.28452682
13.9623003,50.2821579
13.95535374,50.27706146
13.95256424,50.27578354
13.94226742,50.2731781
13.9358139,50.27034378
13.9253912,50.26777649
13.92036057,50.26559067
13.91656113,50.26473236
13.91222477,50.26432037
13.89126778,50.26396942
13.88698292,50.26342392
13.88313103,50.26215363
13.88072586,50.26038361
13.87905979,50.25835037
13.87716961,50.25509262
13.87642097,50.25247955
13.87622166,50.24607086
13.87750053,50.23623657
13.86199379,50.23639297
13.85738754,50.23670197
13.85308266,50.23735809
13.84935665,50.23857117
13.84222984,50.24369049
13.83722687,50.24624252
13.83379078,50.24733353
13.82687855,50.24891281
13.82318592,50.2493515
13.81933117,50.24932861
13.81410027,50.24848938
13.80787659,50.24668503
13.79317093,50.23819733
13.78975201,50.23714828
13.78175259,50.23572159
13.7777319,50.23468018
13.76763535,50.23060608
13.76520061,50.22904968
13.76345158,50.22665787
13.76167583,50.22011948
13.76030922,50.21765518
13.7590723,50.21655655
13.75741482,50.21567917
13.75551319,50.215065
13.75127316,50.21437073
13.7442646,50.21404648
13.70868206,50.21427155
13.6988163,50.21455383
13.69422913,50.21493149
13.690135,50.21563339
13.68839455,50.21615982
13.68362999,50.21826553
13.68198586,50.21869278
13.67642593,50.21913147
13.672719,50.21874619
13.67102623,50.21831894
13.66479111,50.2156868
13.65612888,50.21354294
13.65332413,50.21226883
13.64565563,50.20737076
13.63954353,50.2012825
13.63124943,50.19440079
13.62575722,50.18933868
13.62453747,50.18850327
13.62161064,50.18717957
13.61510563,50.18531799
13.6087904,50.18436432
13.60159779,50.18406677
13.58192062,50.18402481
13.57709026,50.18379211
13.57239437,50.18325806
13.56154537,50.18084717
13.55764771,50.17950439
13.55373573,50.17763901
13.53029919,50.16320038
13.52664185,50.16130829
13.51908207,50.15802765
13.51069355,50.15226746
13.50902557,50.15013504
13.50660992,50.14555359
13.5024786,50.14126587
13.50170422,50.14009094
13.50069427,50.1374588
13.49886608,50.13051224
13.49732113,50.12810135
13.49337482,50.12514877
13.48979187,50.12203598
13.48576069,50.11919403
13.4806757,50.11153793
13.4728632,50.10562134
13.46502113,50.10113525
13.46220493,50.09992218
13.45337677,50.09788895
13.44534397,50.0945282
13.43825531,50.09283066
13.43494225,50.09166718
13.42867661,50.08757019
13.42258263,50.08472824
13.41691494,50.07944107
13.40631104,50.0735054
13.40321445,50.07245636
13.4013567,50.07215118
13.39562416,50.07219315
13.39380169,50.07253265
13.39083481,50.07364273
13.38341522,50.07810974
13.37858868,50.08176041
13.37204456,50.08568192
13.3694458,50.08686066
13.36641407,50.08767319
13.36178207,50.0884819
13.34950638,50.08855438
13.34369183,50.08922577
13.34058666,50.09018707
13.33546829,50.09244919
13.32036591,50.0975647
13.30932903,50.10226822
13.30811214,50.10651398
13.30630207,50.1096611
13.30385685,50.11264038
13.30118084,50.11427689
13.29107189,50.11710739
13.28732204,50.11867905
13.28399563,50.11963654
13.27968121,50.12015915
13.26577759,50.12054825
13.26147556,50.12104416
13.2594862,50.12157822
13.25768757,50.12244415
13.25641155,50.12352753
13.25515079,50.1259613
13.25516415,50.12844467
13.25627327,50.13076019
13.26042175,50.13460541
13.26340485,50.13875961
13.26586914,50.14065552
13.26941586,50.14175415
13.27335072,50.14210129
13.27736473,50.14198303
13.28403664,50.14122772
13.28750896,50.14123917
13.29093266,50.14186478
13.29373455,50.143116
13.29597092,50.14503479
13.29931545,50.15077209
13.30328083,50.15502548
13.30397415,50.15620041
13.30467033,50.15880966
13.30456638,50.16159439
13.30362225,50.16439056
13.30183792,50.16695404
13.29690838,50.17241287
13.29495335,50.17420197
13.290411,50.17696381
13.28644562,50.17996979
13.28092289,50.18358612
13.2735424,50.19095612
13.269907,50.19500351
13.2662487,50.19809723
13.26474571,50.2000618
13.2641201,50.20246887
13.26480293,50.20604324
13.26545334,50.20709229
13.26862335,50.21016693
13.26940918,50.21129227
13.27065754,50.21538162
13.27075386,50.21839905
13.27030754,50.22147751
13.26921082,50.22447968
13.26705456,50.22776413
13.26204681,50.22902298
13.25411224,50.23034286
13.25059128,50.23136139
13.24908829,50.23220444
13.24796486,50.233284
13.2469244,50.23567581
13.24687576,50.2368927
13.2475462,50.23921204
13.24903393,50.24101639
13.25159836,50.2431488
13.25304127,50.24546051
13.25375748,50.24817657
13.25385284,50.25104523
13.25327015,50.25386047
13.25179291,50.2563591
13.24783707,50.25947189
13.24602985,50.2612648
13.24009991,50.26795578
13.23871422,50.27061462
13.23825932,50.27337646
13.2386179,50.27602386
13.23980904,50.27835083
13.2431221,50.28152466
13.24389839,50.28261185
13.24493694,50.28515244
13.24557781,50.28945541
13.24547005,50.29399109
13.24463177,50.29845428
13.24349308,50.30121613
13.24042225,50.30595398
13.23986721,50.30818939
13.24049282,50.31018829
13.24127483,50.31105423
13.24248791,50.31182098
13.24982357,50.3139801
13.25230122,50.31539536
13.25392246,50.31719971
13.25507927,50.31912613
13.25584984,50.32224655
13.2546711,50.32830048
13.25303841,50.33214569
13.25119591,50.33416748
13.24725723,50.33734894
13.24336338,50.34146118
13.23904133,50.34480286
13.23400784,50.34779358
13.2302351,50.34940338
13.22600842,50.35042572
13.22168064,50.35073853
13.21757317,50.35048294
13.2156868,50.35015106
13.21269035,50.34915161
13.20915604,50.34747314
13.20552826,50.34652328
13.20125008,50.34596634
13.19662762,50.34566498
13.18701935,50.34555817
13.17775917,50.34612656
13.17368603,50.34684372
13.17192554,50.34737396
13.16825199,50.34905624
13.16514111,50.35007477
13.15886688,50.35079193
13.15227985,50.35058975
13.14827442,50.34992599
13.14656067,50.34939575
13.14194012,50.34719467
13.13853931,50.34640503
13.13475323,50.34619141
13.13099003,50.34661102
13.12794971,50.34773254
13.12102795,50.3527298
13.11958694,50.3551712
13.11735535,50.3632431
13.11542988,50.36553574
13.11248493,50.36699677
13.10449123,50.36944199
13.10021019,50.37203217
13.09083271,50.37681961
13.08911419,50.37737274
13.08518982,50.3780632
13.06941414,50.37887192
13.06256199,50.37953186
13.05827141,50.3804512
13.04840469,50.38334656
13.03925323,50.38526535
13.03270245,50.38614273
13.01582813,50.38719559
13.01019573,50.38832092
13.00405502,50.39038086
13.00158119,50.39215088
12.99728489,50.39868927
12.99295425,50.40298843
12.98857212,50.41279984
12.98845577,50.41278839
12.98634243,50.41941833
12.98334694,50.41921997
12.98057652,50.41903687
12.98097992,50.41950989
12.98148823,50.41981506
12.98184395,50.41977692
12.98209667,50.419487
12.98271942,50.41941452
12.98345089,50.41971588
12.98374081,50.4201088
12.98428917,50.42032623
12.98497581,50.42062378
12.98584557,50.42100525
12.98650455,50.42162323
12.98715496,50.42206573
12.98762989,50.42259598
12.98815823,50.42327118
12.98869038,50.42403412
12.98890018,50.42459869
12.98924446,50.42519379
12.98954296,50.42575836
12.98971653,50.42649841
12.99001598,50.42708969
12.99039841,50.42753983
12.99082279,50.42795944
12.99093628,50.42841339
12.99118137,50.42881012
12.99182796,50.4291954
12.9922905,50.42947006
12.99267483,50.42986679
12.99335384,50.43044662
12.99392605,50.43112946
12.99460983,50.43206787
12.99512577,50.4327507
12.9953289,50.43320465
12.99536514,50.43328476
12.99580193,50.4336319
12.99598312,50.43377686
12.99669266,50.43412018
12.99758434,50.43473053
12.99829292,50.43504333
12.99837875,50.43508148
12.99881172,50.43527985
12.9998188,50.43565369
13.00044918,50.43610764
13.00057888,50.43625259
13.0008831,50.43658447
13.0017519,50.43702698
13.00266838,50.43755722
13.00438786,50.43807602
13.0060873,50.43848038
13.00745869,50.43909073
13.00867271,50.43964767
13.00918579,50.44002533
13.00989914,50.4404335
13.01082611,50.44115829
13.01155949,50.44169998
13.01233673,50.44225311
13.01339054,50.44271469
13.01480007,50.44324112
13.01550102,50.44343185
13.01655483,50.44388962
13.01771069,50.44467163
13.01843166,50.44549561
13.01901817,50.44617462
13.01986504,50.44673157
13.02027798,50.44735718
13.02029991,50.44775391
13.0200901,50.44801712
13.02006817,50.44844437
13.02048874,50.44878006
13.02095795,50.44916916
13.02147865,50.44970322
13.02172852,50.45018005
13.0222311,50.45139694
13.02277374,50.45213318
13.02297783,50.45261383
13.02336693,50.45317459
13.02379704,50.45368195
13.02386284,50.45407867
13.0234375,50.45449066
13.02270317,50.45499039
13.0221529,50.45557404
13.022089,50.45606232
13.02233601,50.45648575
13.02226925,50.45691681
13.02179432,50.45724106
13.02119446,50.45774078
13.02072811,50.45823669
13.02057362,50.45869827
13.02019501,50.45913315
13.02009296,50.45973587
13.01989365,50.46019745
13.01965427,50.46074677
13.01968384,50.46128845
13.01980019,50.46179962
13.01982689,50.4622879
13.01972485,50.46288681
13.01944256,50.46346664
13.01937389,50.46386719
13.01940155,50.46438217
13.01955318,50.46469498
13.01961708,50.465065
13.01941204,50.46541214
13.01916409,50.46578598
13.01909542,50.46619034
13.01897717,50.46647644
13.01881313,50.46676636
13.01878643,50.46708298
13.01887131,50.46785355
13.01917934,50.46858978
13.01952934,50.4692688
13.01973915,50.46983337
13.0198164,50.47043228
13.01997662,50.47091675
13.02005005,50.47145844
13.02007771,50.4719696
13.02046013,50.47241974
13.02061939,50.47287369
13.02055931,50.47341919
13.02019024,50.47405624
13.02009583,50.47480011
13.02017403,50.47542572
13.02043152,50.47605133
13.02072906,50.47658539
13.02116108,50.47711945
13.0213213,50.47760391
13.02130413,50.4781189
13.02110863,50.4786377
13.02126694,50.47909164
13.02165127,50.47956848
13.02182484,50.48030853
13.02203655,50.48090363
13.0225544,50.48137665
13.02257347,50.48171997
13.02236462,50.48200989
13.02256393,50.4823761
13.02312088,50.48273849
13.02327442,50.48310471
13.02302361,50.48342514
13.02278042,50.48391724
13.02276421,50.48443222
13.02296543,50.48485565
13.02294254,50.4852562
13.02301216,50.48571396
13.02303028,50.48605347
13.02268028,50.48620605
13.0223999,50.48654175
13.02253914,50.48692322
13.02301407,50.48742676
13.02321625,50.48785019
13.02342129,50.48833466
13.02393436,50.48869324
13.02470875,50.48932648
13.02527332,50.49026489
13.02593231,50.49085236
13.02613449,50.49127579
13.02620983,50.49184418
13.02659702,50.49237823
13.02720928,50.492939
13.0276804,50.4933548
13.02789116,50.4939537
13.02797031,50.49457932
13.0280962,50.49526215
13.02834606,50.4957428
13.02899361,50.49682236
13.02956104,50.49748993
13.0300827,50.49802017
13.03060722,50.49860764
13.03104305,50.49919891
13.03156567,50.49975967
13.03217888,50.50031662
13.03243828,50.50096893
13.03265285,50.50162125
13.03262806,50.50199509
13.03228664,50.50231552
13.03176785,50.50267029
13.03165817,50.50313187
13.03164291,50.50367355
13.03158283,50.50421906
13.03165913,50.50491714
13.03169537,50.50547409
13.0316782,50.50598907
13.03135109,50.50656891
13.03111935,50.50725937
13.03106403,50.50788879
13.03104973,50.508461
13.03131962,50.50931168
13.03174591,50.50973129
13.03260994,50.50997162
13.03359509,50.50994873
13.03458023,50.50992584
13.03542042,50.5097084
13.03616714,50.50943375
13.03692532,50.50936127
13.03773594,50.50942993
13.03882027,50.50957489
13.03973103,50.50984192
13.04055786,50.51022339
13.04138756,50.51063538
13.04226112,50.51104355
13.04281139,50.51138306
13.04407501,50.51073456
13.04662991,50.50943375
13.05079365,50.50733566
13.05177212,50.50586319
13.05233097,50.50455475
13.05363655,50.50349045
13.05554962,50.50168228
13.05592823,50.5013237
13.05599689,50.50125885
13.05945778,50.50104904
13.0618782,50.50092316
13.06463051,50.50065994
13.0654583,50.50056458
13.06937313,50.50090027
13.0698204,50.5009079
13.07260895,50.50096893
13.07658291,50.50007248
13.07801056,50.50014496
13.08106995,50.50030518
13.08299541,50.50014496
13.08534527,50.50027084
13.08926201,50.50165939
13.09050846,50.50199127
13.09088039,50.50201416
13.09691143,50.50240707
13.09976959,50.50273132
13.1014719,50.50292587
13.10289097,50.50356674
13.1036396,50.50390625
13.10419178,50.50415421
13.10731792,50.50556564
13.10782909,50.50579834
13.11115551,50.50798035
13.11119938,50.50800705
13.11190224,50.50846863
13.11387444,50.50931168
13.11502647,50.50980377
13.1198597,50.51393127
13.12119007,50.51422882
13.12273216,50.51454163
13.12753296,50.51756668
13.12825775,50.5176506
13.13131905,50.51808548
13.13267136,50.51827621
13.13352871,50.5177002
13.1339035,50.51734161
13.13400936,50.51696777
13.13431644,50.51665497
13.13453674,50.5163002
13.13431454,50.51585388
13.13417816,50.51544189
13.13422298,50.5152359
13.13437271,50.51488876
13.13441467,50.51462936
13.13450718,50.51433182
13.13482666,50.51416779
13.13547039,50.51407242
13.13648319,50.51375198
13.13782597,50.51301956
13.13816929,50.5128479
13.13827324,50.51244354
13.13864422,50.5117569
13.13876915,50.51096344
13.13858891,50.51026535
13.1379137,50.50956726
13.13769913,50.5090065
13.13761139,50.50878906
13.13743687,50.50835419
13.13712692,50.50786591
13.13702202,50.50753403
13.13686752,50.50704193
13.13673687,50.50642395
13.13717079,50.50656509
13.13749409,50.50653839
13.13755989,50.50653458
13.13795853,50.50634384
13.13883209,50.50606537
13.13999748,50.50594711
13.14086819,50.50586319
13.14169121,50.50593567
13.14264393,50.50580597
13.14305019,50.50580597
13.14361763,50.50580978
13.14404011,50.50595856
13.14452553,50.50613022
13.14550495,50.50622559
13.14606094,50.50681686
13.14675808,50.50741959
13.14768887,50.50765228
13.14904213,50.50761032
13.14957142,50.50748444
13.15026665,50.50754929
13.15152454,50.50757217
13.15248013,50.50799179
13.15341473,50.50853729
13.15411949,50.5085144
13.15477657,50.50839996
13.15569401,50.50839615
13.15656471,50.50831223
13.1570797,50.50793839
13.15763474,50.50776291
13.15857792,50.50760651
13.1595192,50.50740814
13.16020012,50.50722504
13.16093254,50.50696945
13.16146374,50.50677872
13.16207886,50.50676346
13.16286182,50.50673676
13.16337967,50.50664139
13.16384983,50.50656891
13.16444683,50.50640106
13.16584969,50.50598145
13.1664505,50.50588608
13.16736984,50.50590897
13.16801929,50.50591278
13.1686964,50.50590897
13.16936779,50.5060463
13.17108822,50.5059967
13.17170048,50.50583649
13.17301464,50.50512314
13.17504501,50.50423431
13.17590714,50.50385666
13.17644596,50.50362015
13.17811298,50.50288391
13.17985821,50.5030899
13.18813705,50.50392532
13.19187546,50.50338745
13.19335938,50.50317383
13.19527054,50.50326157
13.19569492,50.50352478
13.19616795,50.50386047
13.1964159,50.50403595
13.19691658,50.50463867
13.19701481,50.50536346
13.19696808,50.50592804
13.19694805,50.50616837
13.19682598,50.5067482
13.19635105,50.50725937
13.19625473,50.50736237
13.19575405,50.50798798
13.19561768,50.50855637
13.19549179,50.50908279
13.19561386,50.50972748
13.1956749,50.51005173
13.1963377,50.51052094
13.19638634,50.51087952
13.19602585,50.51148224
13.19563007,50.51197815
13.19568253,50.51239014
13.19560242,50.51296997
13.19513416,50.51342392
13.19470406,50.51404572
13.19461536,50.51471329
13.19468975,50.51525879
13.19517803,50.51589584
13.19586468,50.51654816
13.19678593,50.51709366
13.19790649,50.51742554
13.19905186,50.51794052
13.20014954,50.51836395
13.20121098,50.51865387
13.20157909,50.5188179
13.20223999,50.51910782
13.20333481,50.51947784
13.20376778,50.51966476
13.20430565,50.51989746
13.20530891,50.52040482
13.20573425,50.52067566
13.20686531,50.52118683
13.20733929,50.52157211
13.20752335,50.52206421
13.20792866,50.52272797
13.20803928,50.52294922
13.20821571,50.52330017
13.20858479,50.52405548
13.20872879,50.52450943
13.20879173,50.52470779
13.20918369,50.52537537
13.2092371,50.5260582
13.2090168,50.5268898
13.20902538,50.52751923
13.20885372,50.52822495
13.20897579,50.528862
13.20917988,50.52946854
13.20960903,50.530056
13.21034527,50.53080368
13.21091557,50.53139114
13.21160412,50.53205109
13.21249008,50.53272247
13.21356964,50.53329849
13.21362686,50.53332901
13.21488857,50.53389359
13.2149744,50.53396225
13.21560001,50.5344696
13.21595097,50.53539658
13.21643734,50.53598785
13.21698284,50.53662491
13.21774197,50.53729248
13.21842098,50.53803253
13.21896744,50.53893661
13.21949291,50.53970718
13.21987629,50.54047394
13.22043324,50.54106522
13.22118092,50.54176712
13.22168159,50.54188156
13.22187042,50.54196548
13.22193813,50.5421524
13.2218132,50.54267883
13.22165394,50.54333878
13.22137547,50.54390335
13.22119904,50.54402542
13.22105026,50.54413605
13.22104931,50.54436111
13.22127628,50.54487991
13.22155285,50.54549408
13.22208977,50.54621887
13.22274113,50.54673386
13.22403908,50.54719162
13.2254324,50.54758072
13.22688389,50.54799652
13.2280426,50.54847336
13.22812462,50.54855347
13.22861099,50.54901886
13.22907734,50.54973602
13.22908592,50.55060959
13.22899246,50.55095291
13.22933102,50.55142212
13.22921467,50.55185699
13.22873688,50.55263519
13.22846222,50.55325317
13.22873402,50.55379868
13.22859859,50.55437469
13.22863007,50.55491638
13.22857571,50.55519485
13.22854328,50.55526733
13.22845078,50.55547714
13.22839642,50.55553436
13.22811794,50.55582809
13.22777462,50.55599976
13.22720814,50.55622864
13.22625446,50.55659103
13.22588158,50.55674744
13.22516537,50.55707932
13.224823,50.55726624
13.22452354,50.55745316
13.2241478,50.55779648
13.22375298,50.55806351
13.22355461,50.55828476
13.22337914,50.55867767
13.22352886,50.55954742
13.22372913,50.55984116
13.22381496,50.55996323
13.22409916,50.5603714
13.22397232,50.56085205
13.22403431,50.56144333
13.22360802,50.56212234
13.22332096,50.56229782
13.22303391,50.56246567
13.22286129,50.56290436
13.22321796,50.5634346
13.22356319,50.56377792
13.22420788,50.56393433
13.22449398,50.56423187
13.22463703,50.56474304
13.22494698,50.56522369
13.22537518,50.5655365
13.22570801,50.5658989
13.22594929,50.56616211
13.2263279,50.56636047
13.2267313,50.56647491
13.22706699,50.56665802
13.22756767,50.5670166
13.22827053,50.5674324
13.22882462,50.56771469
13.22938442,50.56786346
13.22981358,50.56794357
13.23027325,50.56807709
13.23069191,50.56821823
13.23117352,50.56823349
13.23201847,50.56842422
13.23239708,50.56861115
13.23312283,50.56892776
13.23365974,50.56917572
13.23416996,50.56944275
13.2344923,50.56963348
13.23490429,50.56990433
13.2352438,50.5701561
13.23539352,50.57027817
13.23551178,50.57037354
13.235816,50.570755
13.23591614,50.57096481
13.23598194,50.57116318
13.23604012,50.57143402
13.23607063,50.57172012
13.23583508,50.572052
13.23568726,50.57266617
13.23565769,50.5731163
13.23560047,50.57332993
13.2355299,50.57359695
13.23527431,50.57406235
13.23490238,50.57447815
13.23457623,50.57494354
13.23425007,50.57540894
13.23417187,50.57575607
13.2339735,50.57623672
13.23383713,50.57680511
13.23380852,50.5772934
13.23372746,50.57754898
13.23351669,50.57785797
13.23353004,50.57808304
13.2335701,50.57853317
13.23365402,50.57876587
13.23363304,50.57912445
13.23403358,50.57920456
13.23457432,50.57918167
13.23510551,50.57931137
13.23565197,50.57954788
13.23606873,50.57966232
13.23672485,50.57976532
13.237113,50.57987213
13.23739338,50.58008194
13.23758507,50.58044434
13.23759937,50.58069611
13.23775864,50.58147812
13.2379303,50.58190536
13.2381773,50.58234787
13.23862267,50.58270645
13.23879051,50.58316422
13.23875713,50.58364868
13.23896503,50.58396912
13.23942947,50.58441925
13.24004555,50.58478928
13.24089527,50.5850563
13.24176025,50.58533478
13.24270344,50.58550262
13.2435894,50.58590317
13.24472237,50.58592987
13.24561596,50.58597183
13.2464571,50.58632278
13.24678612,50.5866394
13.2474966,50.58707047
13.24762249,50.58738327
13.24770641,50.58761597
13.24753189,50.58800507
13.24750614,50.58839035
13.24760818,50.58858871
13.24792862,50.58898926
13.24793339,50.58930206
13.24807739,50.58958817
13.24767876,50.5900383
13.24760056,50.59038925
13.24773979,50.5909996
13.24795818,50.59135437
13.24811268,50.59160995
13.24843788,50.59205246
13.24861336,50.59219742
13.24869537,50.59226608
13.2489109,50.59244537
13.24930191,50.59274673
13.24977493,50.59313965
13.25030804,50.59329605
13.25095272,50.59344482
13.25175858,50.59378433
13.25192451,50.59406662
13.25190639,50.59481812
13.25256157,50.59471893
13.25347137,50.59490967
13.25395775,50.59502411
13.25430679,50.59510422
13.25492764,50.59525681
13.25510406,50.59530258
13.25588989,50.5953064
13.25633144,50.5951767
13.25657654,50.59488297
13.25664711,50.59486008
13.25708961,50.59470749
13.25735855,50.5943718
13.25740337,50.59431839
13.25790596,50.59394836
13.25841236,50.59365082
13.25873089,50.5933342
13.25903416,50.59306335
13.25922871,50.59289169
13.25962162,50.59257126
13.25994396,50.59232712
13.2604599,50.5921936
13.26113224,50.59217834
13.26145935,50.59225845
13.26185417,50.59235382
13.26272774,50.59257126
13.26363182,50.59266663
13.2648325,50.59273529
13.26633358,50.59276199
13.27877045,50.59299469
13.28207684,50.59121323
13.28209019,50.59117889
13.28213787,50.59105682
13.2821703,50.59095764
13.28235245,50.59038544
13.28349209,50.58892059
13.2845211,50.58759689
13.2836504,50.58628464
13.28391838,50.58508301
13.28504944,50.58341599
13.28594112,50.58146286
13.28657627,50.58031845
13.28695393,50.57953262
13.28739548,50.57931519
13.28847885,50.57878494
13.29023933,50.57748413
13.29071236,50.57663345
13.29091263,50.57501602
13.29195595,50.5752449
13.29231262,50.57534409
13.29327965,50.57561111
13.2945652,50.57609558
13.29562759,50.57658386
13.29643059,50.57725143
13.29722691,50.57780457
13.29801273,50.57818604
13.29895401,50.57834625
13.29938793,50.57842255
13.30042076,50.5786705
13.30151272,50.57889938
13.30277443,50.57898331
13.30345917,50.57916641
13.30450916,50.57945633
13.30531597,50.57943726
13.30642605,50.57923889
13.30767822,50.57915115
13.30865479,50.5789566
13.30973053,50.5789299
13.31086636,50.57915878
13.3121891,50.57949829
13.31332397,50.57970047
13.314991,50.57980347
13.31587124,50.57990265
13.31643772,50.5799675
13.31757545,50.5802269
13.3184948,50.58057404
13.3191843,50.58084488
13.31968117,50.58088684
13.32040215,50.5809288
13.32135582,50.58110428
13.32289505,50.58132553
13.32359505,50.58161545
13.32367802,50.58164978
13.32446766,50.58208847
13.32495022,50.58264542
13.32502651,50.5831604
13.32473469,50.58353806
13.32445049,50.58403015
13.32413292,50.58472443
13.32385349,50.58530426
13.323843,50.58587646
13.32396889,50.58647156
13.32422829,50.58703995
13.32439041,50.58749008
13.32431984,50.58781052
13.32348824,50.58817291
13.32288647,50.58861542
13.32202148,50.58917999
13.32141781,50.58959579
13.32136154,50.59013748
13.32161617,50.59064865
13.32165241,50.59124756
13.32155609,50.59187698
13.32141304,50.59248352
13.32149696,50.59313583
13.32168007,50.59393311
13.32180882,50.59458923
13.32203865,50.59540939
13.32229519,50.59594727
13.3224144,50.59643173
13.32240772,50.59706116
13.32207966,50.59758377
13.32153988,50.59831238
13.32108212,50.59892273
13.3209362,50.59946823
13.32100964,50.5999527
13.32104588,50.60055161
13.32049084,50.60102463
13.31958294,50.60161591
13.31939983,50.60216522
13.31953812,50.60236359
13.32008457,50.60249329
13.32107544,50.6025238
13.32197952,50.60261536
13.32295227,50.60310745
13.32401466,50.60359573
13.32502937,50.60403061
13.32587337,50.60461044
13.32609844,50.60537338
13.32592487,50.6062088
13.32529449,50.60693741
13.32470131,50.60752487
13.32473278,50.60803986
13.32538986,50.60850906
13.32605934,50.60843658
13.32744503,50.60831451
13.32824516,50.608181
13.32936001,50.60803986
13.3308382,50.60797501
13.33199787,50.60783386
13.33292961,50.60760498
13.33358002,50.60725021
13.33396816,50.60698318
13.334548,50.60691071
13.33492756,50.6072464
13.33532238,50.60783768
13.33545208,50.60848999
13.33549595,50.60920334
13.33566284,50.60974503
13.3361845,50.61018753
13.33691406,50.61037064
13.33786297,50.61046219
13.33865356,50.61090088
13.33872604,50.61135483
13.33819771,50.61153793
13.3376646,50.61163712
13.33737469,50.61204529
13.33744907,50.61252975
13.33804607,50.61274338
13.33872318,50.61278534
13.33967876,50.61299133
13.34057236,50.61291122
13.34123325,50.61269379
13.34199142,50.61259079
13.34254169,50.61277771
13.34321785,50.61281586
13.34349346,50.61283875
13.34398556,50.61288452
13.34468174,50.61323929
13.34528542,50.61356735
13.34610176,50.61368942
13.34691429,50.61375427
13.34769821,50.61407852
13.34834385,50.61434937
13.34906864,50.61444473
13.3497324,50.61428452
13.35043526,50.61400986
13.35114956,50.61393738
13.35183239,50.61408997
13.35214233,50.61434555
13.35278416,50.61495209
13.35306835,50.61514282
13.3532486,50.61526489
13.35348701,50.6154213
13.35417843,50.61571884
13.35518169,50.61595154
13.35608768,50.61607361
13.35680389,50.61602783
13.35738182,50.61592484
13.35805988,50.61599731
13.3588419,50.61629105
13.35940266,50.61664963
13.35997486,50.61717606
13.36005688,50.61755371
13.36018467,50.61840057
13.36021423,50.61888504
13.36041641,50.61925507
13.36109829,50.61938095
13.36195183,50.61938858
13.36288738,50.61925125
13.36336136,50.61892319
13.36383247,50.61854172
13.36394596,50.61842346
13.36425495,50.61809921
13.3646946,50.61794662
13.36532879,50.61801529
13.36665726,50.61844254
13.36744499,50.61882019
13.36797142,50.61935043
13.3683157,50.61983109
13.36861324,50.62028122
13.36869717,50.62064743
13.36873627,50.62081909
13.36881924,50.62144852
13.36884594,50.62187576
13.36869907,50.62242126
13.36873055,50.62293625
13.36909676,50.62350082
13.36947536,50.62401962
13.36988163,50.62456894
13.37038803,50.62488937
13.37084866,50.62506866
13.3713007,50.62520599
13.3720274,50.62532806
13.37261963,50.62545776
13.37340164,50.6257515
13.37395763,50.62602615
13.37469864,50.62637711
13.37543201,50.62661743
13.37616825,50.62688446
13.37690163,50.62712479
13.37696362,50.62715149
13.3773632,50.62731171
13.37769985,50.6276741
13.37773705,50.62827301
13.37759113,50.62882233
13.37713909,50.62952042
13.37658596,50.63002014
13.3764019,50.63017273
13.37594414,50.63055038
13.37539959,50.63119125
13.37498379,50.63174438
13.37467003,50.63249588
13.37470913,50.63312531
13.37477875,50.63352203
13.37517262,50.63408661
13.37519169,50.63439941
13.37499714,50.63489151
13.37479305,50.63520813
13.37485981,50.63557816
13.37524033,50.63591385
13.37547684,50.6361084
13.37551594,50.63629913
13.37554073,50.6364212
13.37547779,50.63655853
13.37542248,50.6366806
13.37504005,50.63684464
13.37419319,50.63716888
13.37376785,50.63755035
13.37380219,50.63812256
13.37419128,50.6385994
13.3743906,50.63890839
13.37441063,50.63926697
13.37394714,50.63974762
13.37352467,50.64018631
13.3734169,50.64061737
13.37375736,50.64103699
13.3742075,50.64105606
13.37467098,50.6412735
13.37460041,50.64159012
13.37417221,50.64194489
13.37398529,50.64254761
13.37396526,50.64274979
13.37392998,50.64311981
13.37360477,50.64367294
13.37319279,50.64428329
13.37311935,50.64442062
13.37287045,50.64488983
13.37264061,50.64555359
13.3726387,50.64624023
13.37263966,50.64680481
13.37264061,50.64701462
13.37263298,50.64761353
13.37235355,50.64819336
13.3721981,50.64888763
13.37098885,50.64971924
13.37098694,50.64999771
13.37098312,50.65054703
13.37253857,50.65060043
13.37352657,50.65057755
13.37428093,50.65041351
13.37495327,50.65036774
13.37548256,50.65021515
13.37591267,50.64988708
13.37628651,50.64939117
13.37657166,50.64889908
13.37726688,50.64850998
13.37783813,50.64829636
13.3782196,50.64791489
13.3783741,50.64751053
13.37874699,50.64698792
13.37926769,50.64669037
13.38015366,50.6464653
13.38085461,50.64616394
13.38141155,50.64572144
13.38183784,50.64533615
13.38235474,50.64498138
13.38297653,50.64485168
13.38338566,50.64492798
13.38362408,50.64514923
13.38365078,50.64558029
13.38385201,50.64591599
13.38444901,50.64612961
13.38491726,50.64643478
13.38542747,50.64667892
13.38615227,50.64677429
13.38682652,50.64675903
13.38799477,50.64675522
13.38871861,50.64682388
13.38961887,50.64683151
13.39060307,50.64674759
13.39135551,50.64655685
13.39210796,50.64631653
13.39186192,50.64571762
13.39184093,50.6453743
13.39154816,50.64501572
13.39137077,50.64464951
13.3914566,50.64415741
13.39182472,50.64387894
13.39211369,50.64355087
13.39231491,50.64305496
13.39255238,50.64253235
13.39256668,50.64213943
13.39265823,50.64174652
13.39304543,50.64176178
13.39382267,50.64183807
13.39455223,50.64177322
13.39480495,50.64149475
13.39500618,50.64099884
13.39536858,50.64062119
13.39602566,50.64062881
13.39636993,50.64057159
13.39668751,50.64009857
13.39677143,50.63957977
13.39678383,50.63916397
13.39706516,50.63871384
13.3976202,50.63833237
13.39836884,50.63794327
13.39912128,50.63763046
13.39971638,50.63727188
13.40051365,50.63705444
13.4009676,50.63689804
13.40120983,50.63644791
13.40139008,50.6362648
13.40175438,50.63589478
13.40222359,50.63536835
13.40254784,50.63499069
13.40312576,50.63497543
13.40341282,50.63523865
13.40383911,50.63527679
13.40404892,50.63521194
13.40467262,50.63501358
13.40537834,50.6345787
13.40557671,50.6340332
13.40573406,50.63346481
13.40599823,50.63274384
13.40618992,50.63210297
13.40618896,50.63198471
13.40618229,50.63136673
13.4062233,50.63077545
13.40665531,50.63027191
13.40708733,50.62977219
13.40728474,50.62922668
13.4072485,50.62863922
13.40722275,50.6282196
13.40759087,50.62794113
13.40875721,50.62757492
13.40875721,50.62678528
13.40874386,50.62659073
13.40900517,50.62623978
13.40925121,50.62586212
13.40940571,50.62545776
13.40960407,50.62502289
13.40976334,50.62470627
13.41028404,50.62440491
13.4107151,50.62411118
13.41104984,50.62369919
13.41149139,50.62357712
13.41182709,50.62319565
13.41260242,50.62266159
13.41302681,50.6222496
13.41332054,50.62192917
13.41329575,50.62152863
13.41327095,50.62112808
13.413517,50.62075043
13.41362476,50.62031937
13.41324139,50.61993027
13.41264153,50.61968613
13.41221905,50.61938477
13.41223335,50.61889648
13.41238213,50.6184082
13.41280842,50.61802292
13.41360474,50.61783218
13.41400146,50.6178093
13.41441059,50.61778259
13.41488647,50.61748505
13.41486168,50.6170845
13.41501617,50.61668396
13.41530895,50.61633301
13.41587639,50.61605835
13.41668224,50.61601257
13.4176569,50.61578751
13.41831017,50.61545563
13.41875458,50.61538696
13.41935635,50.61565781
13.4200449,50.61589813
13.42085934,50.61598969
13.42144489,50.61600494
13.42209053,50.61627579
13.42291451,50.6165123
13.42408943,50.61662292
13.42480946,50.61663437
13.42547131,50.61644745
13.4259367,50.61597824
13.42646599,50.61582184
13.42685032,50.61549759
13.42673206,50.61504364
13.42629433,50.61450958
13.42590523,50.61403275
13.42543125,50.61364746
13.42509079,50.61322403
13.42515182,50.61276627
13.42533493,50.6126709
13.42584801,50.61240768
13.42650318,50.61210251
13.42733955,50.61182404
13.42803001,50.61137772
13.42836571,50.61100006
13.42889023,50.61075592
13.42963982,50.61053848
13.43052864,50.61037064
13.43165016,50.61034393
13.43263817,50.61034775
13.43376541,50.61040497
13.43470955,50.61040878
13.43545151,50.61036682
13.43650532,50.61038971
13.43741131,50.61051178
13.43832302,50.61071777
13.43949986,50.61085892
13.44023418,50.61109543
13.44108963,50.61113358
13.44178772,50.6108017
13.44238949,50.61035538
13.44318581,50.61016464
13.44389057,50.6099472
13.44427109,50.60956573
13.44483852,50.60929108
13.44581604,50.60912323
13.44678688,50.60884476
13.44761753,50.60847855
13.44866753,50.6080246
13.44944763,50.60757446
13.45021725,50.60695267
13.45073223,50.60656738
13.45079517,50.60614014
13.45109653,50.60593033
13.45185471,50.60585403
13.45274162,50.60565948
13.453619,50.60532379
13.45560837,50.60481644
13.45698738,50.60460663
13.45819855,50.60457611
13.45922184,50.60440826
13.46032429,50.60409546
13.46115017,50.60364532
13.46161079,50.6031189
13.46183968,50.60248184
13.46212673,50.60204697
13.46287346,50.60176849
13.46366119,50.60174179
13.46476746,50.60189438
13.46546936,50.60233307
13.46556282,50.60253525
13.46572971,50.60289764
13.46594906,50.60351944
13.46647644,50.60404968
13.46653271,50.60411453
13.46691322,50.60455322
13.4668951,50.60498428
13.46665192,50.60538864
13.46668243,50.60587311
13.46750927,50.60616684
13.46855736,50.60639954
13.4691658,50.60678482
13.46941566,50.60717773
13.47001839,50.60747528
13.47048759,50.60777664
13.47069931,50.60828781
13.47081947,50.60876846
13.47120953,50.6092453
13.47185898,50.60957336
13.47277069,50.60977936
13.47341537,50.61001968
13.47379971,50.61040878
13.47442818,50.61110687
13.47472286,50.61149979
13.4752903,50.61194229
13.47597408,50.61209869
13.47674751,50.61224747
13.47712898,50.61260605
13.47729874,50.61314774
13.47716904,50.61392593
13.47697353,50.61438751
13.47710133,50.6149826
13.47753429,50.61542892
13.4786396,50.61585999
13.47956467,50.61626434
13.48050404,50.61689758
13.48131752,50.61767578
13.48198891,50.61834717
13.48243141,50.61893463
13.48308659,50.61934662
13.48380661,50.61935806
13.48449039,50.61951065
13.48496628,50.61992645
13.48540497,50.62046051
13.48615932,50.62101364
13.48704052,50.62144852
13.48809147,50.6217041
13.48915005,50.62210846
13.48994255,50.62254333
13.49016571,50.62263107
13.49091053,50.62291718
13.49182606,50.62318039
13.49274349,50.62347031
13.49358368,50.62396622
13.49415493,50.62446594
13.49447727,50.6252861
13.49453545,50.62537003
13.49517155,50.626297
13.49566078,50.62691116
13.49601173,50.62747574
13.49609852,50.62813187
13.49613094,50.62864304
13.49612141,50.62918854
13.49593163,50.62973785
13.49596214,50.63022232
13.49635887,50.63087463
13.49702835,50.63142395
13.49804688,50.63188171
13.4989624,50.63214493
13.5001421,50.63231659
13.50100613,50.63246536
13.50152206,50.63279343
13.50184631,50.6336441
13.50231838,50.63400269
13.50327969,50.63426208
13.5044632,50.63449097
13.50538063,50.63478088
13.50624466,50.63492966
13.50710297,50.63499451
13.508008,50.63508224
13.50896645,50.63531494
13.50970554,50.63561249
13.51066399,50.63584518
13.51148701,50.63605118
13.51244068,50.63619614
13.51301861,50.63609695
13.51399803,50.63595581
13.51499653,50.63610077
13.51590729,50.63628006
13.51698875,50.63630676
13.51785946,50.63656998
13.51838112,50.63698578
13.51904011,50.63745499
13.51964474,50.63775253
13.52029514,50.6380806
13.52134705,50.6383667
13.52230835,50.6386261
13.52321148,50.63869095
13.52395058,50.63898468
13.52419281,50.63926315
13.52437782,50.64002991
13.52446461,50.64068604
13.52431488,50.64114761
13.52407169,50.64155579
13.52382946,50.64199066
13.52349472,50.64237213
13.52342701,50.64271545
13.5235014,50.6431694
13.52348804,50.64365768
13.52353096,50.64431381
13.52370548,50.64493942
13.52374458,50.6449852
13.52414513,50.64546967
13.52451134,50.64626312
13.52458763,50.64674377
13.52467442,50.6473999
13.52475643,50.64797211
13.52506447,50.64856339
13.52541256,50.64906693
13.5261097,50.64942169
13.52584839,50.64964294
13.52504063,50.64933014
13.52412224,50.6493187
13.52355957,50.64902496
13.52249908,50.64884949
13.52098083,50.64884186
13.52032566,50.64885712
13.51973438,50.64897919
13.51928043,50.64892197
13.51872063,50.64866257
13.51827049,50.64836502
13.51781273,50.64824295
13.51697636,50.64834976
13.51693249,50.6488266
13.51665592,50.64919281
13.51643944,50.6496048
13.51599407,50.64995956
13.51534939,50.65013123
13.51526165,50.65015793
13.51488972,50.65027618
13.51303291,50.65169144
13.51278019,50.65214157
13.51279449,50.65322495
13.51280689,50.65371323
13.51314735,50.65404892
13.51360416,50.65445328
13.51379776,50.65484238
13.51384735,50.65531921
13.51398849,50.65576553
13.51432323,50.65600967
13.51454926,50.65606689
13.5153513,50.65626526
13.5161581,50.65656662
13.51683521,50.65697479
13.51712513,50.65732956
13.51718426,50.65794754
13.51731205,50.65846634
13.51759338,50.65891266
13.51897049,50.65937042
13.51912212,50.65969086
13.51959705,50.66001511
13.52043629,50.6605835
13.52096748,50.66081238
13.5214119,50.66100693
13.52149677,50.66104507
13.52206135,50.66137695
13.52241516,50.66183472
13.52251148,50.6619606
13.52293301,50.66239166
13.52347088,50.66259003
13.52414322,50.66284561
13.52450371,50.66319275
13.52537441,50.66419601
13.52553177,50.66432571
13.5259676,50.66468048
13.52611828,50.66500854
13.52627277,50.66534042
13.52649403,50.66557312
13.52731991,50.66600037
13.52734756,50.66601563
13.52861118,50.6667366
13.52894402,50.66692734
13.52916241,50.6670723
13.52945328,50.66727066
13.52954769,50.66738892
13.52980137,50.66771317
13.53062153,50.66822815
13.53150272,50.66851425
13.53252029,50.6686058
13.53324986,50.66857529
13.5338974,50.66845322
13.53604889,50.66808701
13.53726864,50.66782761
13.5384016,50.66765594
13.53922653,50.66766739
13.53977776,50.66778564
13.5402441,50.66801071
13.54057407,50.66959763
13.54036713,50.67056656
13.53849125,50.67287445
13.53913116,50.67389297
13.53959656,50.67461014
13.54039955,50.67540741
13.54140091,50.67599487
13.54275417,50.67653656
13.54367828,50.67679977
13.54437256,50.67744827
13.54405594,50.67823029
13.54384327,50.67910767
13.54332638,50.68009567
13.54273033,50.68116379
13.54202175,50.68203735
13.54187584,50.68265915
13.54217339,50.68349457
13.54164219,50.68425369
13.54174709,50.6856575
13.54135418,50.68637085
13.54125977,50.68709183
13.54125786,50.68772507
13.54026699,50.68861389
13.5403471,50.68918228
13.54042625,50.68975449
13.54016876,50.69006348
13.53983498,50.69046402
13.53910351,50.69142914
13.53791809,50.69194412
13.53780174,50.69201279
13.53685284,50.69256592
13.5355196,50.69343185
13.53501034,50.69409943
13.53491974,50.69445419
13.5346632,50.69465256
13.53412819,50.69514084
13.53369808,50.6957283
13.53304577,50.69638443
13.53244781,50.69655609
13.53144455,50.69682312
13.53042316,50.69704056
13.52962494,50.69741058
13.52899456,50.69796753
13.52867603,50.69819641
13.52831745,50.69845581
13.52754498,50.69901657
13.52707005,50.69955063
13.52672577,50.70014572
13.52620125,50.70081711
13.52555275,50.70176315
13.52524471,50.70441055
13.52682018,50.70501709
13.52899075,50.70548248
13.53099918,50.70578384
13.53292179,50.70592499
13.53463554,50.70573807
13.53642941,50.70561981
13.53737259,50.70569992
13.5384798,50.70601273
13.53903389,50.70625305
13.53986263,50.70677948
13.54004478,50.70718002
13.54029274,50.70815659
13.5410881,50.70848846
13.54222107,50.70915222
13.54297829,50.70962524
13.54429245,50.7106781
13.54521656,50.71131134
13.54647732,50.71154404
13.54799271,50.71170044
13.54913521,50.71210098
13.54947948,50.71222305
13.55030441,50.71292496
13.55123234,50.7133522
13.55132103,50.71339417
13.55280972,50.7139473
13.55444431,50.71433258
13.55632687,50.7145462
13.55846405,50.71468735
13.559865,50.71468353
13.56144333,50.71421432
13.56199265,50.71400833
13.56296349,50.71364594
13.56449127,50.71321106
13.56572437,50.7130127
13.56715298,50.71264648
13.56864929,50.71250534
13.56964874,50.71271133
13.57096577,50.71300507
13.57212448,50.71327209
13.57338333,50.71346664
13.57483673,50.71346283
13.57601929,50.7132988
13.5770874,50.71297455
13.57743931,50.71289444
13.57841778,50.712677
13.57955265,50.71257782
13.58044434,50.71271896
13.58164501,50.71282196
13.58273125,50.71275711
13.58355331,50.71263885
13.58444309,50.71274567
13.58559799,50.71294403
13.58684349,50.71294403
13.58803749,50.71294785
13.58933258,50.71291351
13.59025383,50.71272278
13.59117603,50.71253204
13.59210587,50.71247482
13.59309006,50.71244812
13.59416103,50.7121582
13.5953331,50.71183014
13.59589958,50.71154022
13.59648705,50.71123886
13.5977478,50.7106781
13.59866238,50.71038818
13.5997963,50.71025848
13.60225296,50.71006012
13.60303116,50.71025467
13.60501385,50.71094513
13.60590363,50.71146393
13.60688782,50.71203995
13.60735893,50.71223068
13.60813808,50.7125473
13.60975647,50.71319199
13.61112976,50.71352768
13.61262512,50.71365738
13.61460495,50.71360779
13.61626053,50.71358109
13.6199131,50.71393585
13.62010098,50.71395493
13.62256813,50.71479034
13.62383842,50.71511459
13.62457085,50.71530533
13.62691307,50.71591568
13.62696743,50.71793365
13.62623119,50.71970749
13.62534618,50.72092819
13.62472534,50.72179031
13.62503624,50.72284698
13.6269846,50.72283173
13.62819862,50.72279739
13.62906265,50.72291946
13.62970924,50.72315979
13.63044643,50.7233963
13.63117886,50.72357559
13.63195133,50.72367096
13.63238049,50.72402954
13.63294888,50.72444153
13.63373661,50.72476578
13.63451195,50.72491455
13.63561058,50.72502899
13.63681507,50.72538757
13.63764286,50.72581863
13.63834953,50.72630692
13.63904572,50.72666168
13.63983822,50.72717285
13.64020443,50.72761917
13.64070797,50.72821808
13.64116192,50.72871399
13.64190102,50.72906876
13.64263439,50.7293396
13.64357471,50.72955704
13.645051,50.72962189
13.64606094,50.72962189
13.64728069,50.72961426
13.64821339,50.72972488
13.64898777,50.72996902
13.64979076,50.73002625
13.6505537,50.73011398
13.65110874,50.73023224
13.652174,50.73035812
13.65306759,50.73057938
13.65397167,50.73087692
13.65516853,50.73116302
13.65618038,50.73118973
13.6571064,50.73118973
13.65760231,50.73107147
13.6581707,50.73076248
13.65892887,50.73064804
13.6600256,50.73081589
13.66113949,50.7311058
13.66237926,50.73139572
13.66340828,50.73168564
13.66430855,50.73192978
13.66540432,50.73195267
13.6665802,50.73191833
13.66713524,50.73178482
13.66732502,50.73173904
13.66793346,50.73140335
13.6684103,50.73098755
13.66904545,50.73043823
13.66981983,50.73006821
13.67064762,50.7298584
13.67121506,50.72962952
13.67142487,50.72954559
13.67211723,50.72920609
13.67285156,50.72886276
13.67337036,50.72845078
13.67399883,50.72779083
13.6748457,50.72726059
13.67487621,50.72724915
13.67595482,50.72685623
13.67715549,50.72658157
13.67818546,50.72626114
13.67841434,50.72590637
13.67894268,50.72556686
13.67897797,50.72554398
13.67985058,50.72538757
13.68076229,50.72517395
13.68149948,50.72488785
13.6821003,50.72444534
13.68244171,50.72389984
13.68295288,50.72338104
13.68333721,50.72283554
13.68388844,50.72228622
13.68431377,50.72174072
13.68475056,50.72138977
13.68483257,50.72132492
13.68556404,50.72082901
13.6873703,50.71986008
13.68800545,50.71960831
13.688797,50.71935272
13.68968678,50.71908188
13.69021797,50.71897125
13.69097424,50.71882248
13.69231319,50.71850586
13.69358349,50.71842194
13.69463253,50.71839523
13.69564915,50.71843719
13.69708252,50.71854019
13.69794369,50.7185173
13.69880295,50.71844482
13.69988441,50.71834564
13.70085335,50.71824646
13.70163822,50.71820068
13.70282745,50.71802521
13.70304108,50.71795654
13.70363522,50.71776581
13.70454884,50.71740723
13.70553875,50.71706772
13.70646763,50.71692276
13.70737362,50.71699524
13.70790291,50.71705246
13.70845318,50.71741867
13.7092371,50.71789551
13.709939,50.71828079
13.71004581,50.71837234
13.71029758,50.71858215
13.71085835,50.71895599
13.7111578,50.71922302
13.71169567,50.7193985
13.7121315,50.71945572
13.71238995,50.71966553
13.71232128,50.72003555
13.71201229,50.72044754
13.71170235,50.7208519
13.71148586,50.72126007
13.71158218,50.72156906
13.71173668,50.72189713
13.71156979,50.7222023
13.7113266,50.72248077
13.71132851,50.72278976
13.71135807,50.72322083
13.71119022,50.7234993
13.71075439,50.72371292
13.71013355,50.72396851
13.70973492,50.72417068
13.7092495,50.72447968
13.70887089,50.72471619
13.70868397,50.72499847
13.70821762,50.72531891
13.70928764,50.72583008
13.71017933,50.72599411
13.71109867,50.7258606
13.71179104,50.72552109
13.71240234,50.72523499
13.71318722,50.72502899
13.71365643,50.72512054
13.71423149,50.72553253
13.71468449,50.72600174
13.71530342,50.72643661
13.71604729,50.72684479
13.71674061,50.72714615
13.71760273,50.7274437
13.71859455,50.72778702
13.71937561,50.72814178
13.71990776,50.72852707
13.72014523,50.72891998
13.72071838,50.72930527
13.72135925,50.72944641
13.72201729,50.72982788
13.72243023,50.73032379
13.72301483,50.73086929
13.72379589,50.73122406
13.72453594,50.73157501
13.72515297,50.731987
13.72566986,50.73215866
13.72611237,50.73246765
13.72646809,50.73274994
13.72738171,50.73317719
13.72817612,50.73365021
13.73024559,50.73342133
13.73086357,50.73292923
13.7321825,50.73187256
13.73295212,50.73049164
13.73444939,50.7298317
13.73613834,50.72873306
13.73803425,50.72819138
13.74040318,50.72717285
13.74209404,50.72745895
13.74400711,50.7276535
13.74676609,50.72834015
13.7507515,50.72953415
13.75301743,50.73090363
13.75596905,50.73415375
13.75752163,50.73524475
13.75834179,50.73581314
13.7599659,50.73527527
13.76010132,50.73438644
13.76093102,50.73428345
13.76310539,50.73518753
13.76387691,50.73521805
13.76512051,50.73479462
13.76686668,50.7345314
13.76745224,50.73438644
13.76897812,50.73297119
13.77027702,50.73329163
13.77134609,50.73299789
13.77188301,50.73343658
13.77302361,50.73389435
13.77368641,50.7342453
13.77425575,50.73487091
13.77475071,50.73550034
13.77555466,50.73598862
13.77649498,50.73627472
13.77730751,50.73635864
13.77807617,50.73633575
13.77878571,50.73601913
13.77961731,50.73555374
13.7804203,50.73523331
13.78131008,50.73506546
13.78203297,50.73493576
13.78263855,50.73472977
13.78318405,50.73447418
13.78367043,50.73418808
13.78418732,50.7338028
13.78481102,50.73359299
13.78552341,50.73357391
13.78622341,50.73365021
13.78682423,50.73391724
13.78722286,50.73425293
13.78771973,50.73463058
13.78836155,50.7349472
13.78895664,50.73513412
13.78957844,50.73517609
13.79011345,50.73504257
13.79054165,50.73471832
13.79081821,50.73437881
13.79081345,50.73404312
13.79075432,50.73347473
13.79075432,50.73293686
13.79087734,50.73255157
13.7922821,50.7333107
13.79307747,50.73340607
13.79476547,50.73364639
13.79580116,50.73395157
13.79692173,50.73440552
13.80047798,50.73300171
13.80377865,50.7333107
13.80487823,50.7334137
13.80733204,50.73326492
13.80935001,50.73243332
13.81013584,50.73149872
13.80986404,50.73086929
13.81064606,50.73009872
13.81296635,50.72959137
13.81534863,50.72777557
13.81964684,50.72755051
13.82047176,50.72727585
13.8224411,50.72610092
13.82325649,50.72602463
13.82394791,50.72592545
13.82458687,50.72567368
13.82522297,50.7253952
13.82552338,50.72499466
13.82590675,50.72462082
13.82634258,50.72439957
13.82706928,50.72422028
13.82788849,50.72419739
13.8285532,50.72430801
13.82934856,50.72452164
13.83026981,50.72478104
13.83115673,50.72512054
13.83163643,50.72552109
13.83190727,50.72585297
13.83271694,50.72627258
13.83306217,50.72639465
13.833601,50.72658539
13.83432102,50.72679901
13.83465004,50.72689438
13.83551788,50.72697449
13.83625126,50.72690201
13.8368845,50.72657013
13.83746338,50.72605896
13.83813953,50.72575378
13.83907127,50.72557068
13.8399744,50.72557068
13.84096146,50.72559357
13.84178638,50.72564697
13.84255695,50.72552109
13.84323883,50.72529221
13.84397411,50.72524643
13.84471703,50.72530365
13.84546185,50.72538376
13.84612846,50.72552109
13.8467207,50.72576523
13.84742641,50.72587585
13.84829235,50.72592926
13.84908199,50.72606277
13.84975624,50.7263031
13.85039711,50.72665024
13.85111618,50.72694016
13.85179424,50.72723389
13.85249424,50.7272644
13.85335445,50.72724152
13.85404587,50.72714233
13.8545351,50.72710419
13.85519218,50.727108
13.85582447,50.72732544
13.85609245,50.72763062
13.85651875,50.72785187
13.85710526,50.72801971
13.85721779,50.72807312
13.85753059,50.72821426
13.85793114,50.72864532
13.85846901,50.72928238
13.8588438,50.72992325
13.85947704,50.73073959
13.85972881,50.73138046
13.85976124,50.73182297
13.85984325,50.73239517
13.85983562,50.73286438
13.86007404,50.73332596
13.8603096,50.73363113
13.86052704,50.73391342
13.86093712,50.73447418
13.86138058,50.73493195
13.86157322,50.73531723
13.86192513,50.7362175
13.86193275,50.73631668
13.86195374,50.7366066
13.86193562,50.73749542
13.86184978,50.73801804
13.86159325,50.73844147
13.86133575,50.7388649
13.86113548,50.73949814
13.86114693,50.74022675
13.86124802,50.74105835
13.8612833,50.74155045
13.86144543,50.74209595
13.86177826,50.74290848
13.8629427,50.74253464
13.86388588,50.74221802
13.86443043,50.74220276
13.86584091,50.74216843
13.86730099,50.74263382
13.86815739,50.74263763
13.87124157,50.74137878
13.87151051,50.74126816
13.87245655,50.74120331
13.87358093,50.74026108
13.87435341,50.73974991
13.87574863,50.73922348
13.87691116,50.73861313
13.87795925,50.73818588
13.87938786,50.73811722
13.88023186,50.73781586
13.88146019,50.73792267
13.88334942,50.73833466
13.88429737,50.73908234
13.8852787,50.73949432
13.88603306,50.74030304
13.88681412,50.74050522
13.88858604,50.74105453
13.89042473,50.74155045
13.89239597,50.74191666
13.89402485,50.74207687
13.89436913,50.74211121
13.89480782,50.74268341
13.89500713,50.74274445
13.89592648,50.74303055
13.89616108,50.74312973
13.89685726,50.74333572
13.8981905,50.74448395
13.89887428,50.74555588
13.8993597,50.746315
13.89932156,50.7477417
13.89972305,50.74915314
13.90056896,50.75179291
13.90129089,50.75215149
13.90180874,50.75241852
13.90275192,50.7529068
13.90158176,50.75400543
13.90102482,50.75453568
13.89792061,50.75558853
13.89701462,50.75679779
13.89546871,50.75876999
13.89311504,50.76037979
13.89307404,50.76042938
13.89278221,50.76077271
13.89238644,50.7612381
13.89213562,50.76160049
13.89187431,50.76174927
13.89159775,50.76190567
13.89079762,50.76212311
13.89010715,50.7624321
13.8895874,50.76299667
13.88913059,50.76372147
13.88881683,50.76431274
13.88860416,50.76484299
13.88851452,50.76506805
13.88857079,50.76583862
13.88860798,50.76634598
13.88862991,50.76664734
13.88861561,50.766716
13.88851738,50.76720047
13.88833809,50.76801682
13.88821125,50.76859665
13.88788795,50.76906204
13.88753223,50.76978302
13.88753128,50.77046204
13.88763142,50.77113724
13.88818932,50.77179718
13.88878822,50.77233124
13.88896656,50.77245712
13.88948727,50.77282715
13.89053249,50.77318573
13.89084721,50.77328873
13.89152527,50.77350998
13.89183998,50.77372742
13.89238358,50.77410126
13.89242077,50.77424622
13.89252472,50.77464676
13.89256859,50.77497482
13.89263916,50.77551651
13.89279079,50.7761879
13.89330006,50.77688599
13.89349937,50.77752686
13.89365768,50.77829742
13.8940239,50.77912521
13.89437675,50.77964401
13.89460278,50.77997208
13.89527988,50.7804985
13.89545918,50.78063583
13.89646626,50.78115463
13.89722729,50.78181458
13.89783001,50.78237534
13.89831829,50.78322601
13.89844418,50.78336716
13.89890957,50.7838974
13.89961052,50.78442383
13.89994431,50.7848053
13.90014076,50.7852478
13.90007782,50.7857132
13.89970207,50.78622437
13.89915466,50.78645325
13.8980484,50.78675079
13.89721012,50.78710938
13.89679623,50.78762054
13.89642525,50.78820419
13.89642048,50.78865433
13.89650345,50.78927231
13.89698315,50.79018784
13.89722633,50.79094315
13.89746475,50.79162979
13.89771938,50.79202652
13.89818478,50.79222488
13.89949036,50.79259491
13.90027714,50.79307175
13.90105534,50.79343033
13.90242481,50.79365158
13.90326214,50.79379272
13.90397549,50.79397202
13.90472031,50.7937355
13.90601254,50.79306412
13.90685081,50.79268265
13.91048908,50.79209518
13.91147232,50.7919426
13.9149437,50.79101944
13.9168272,50.78958511
13.91837025,50.78911591
13.9200983,50.78961563
13.92508411,50.78862381
13.92972565,50.78875351
13.93303967,50.78995514
13.93507195,50.78975677
13.93591785,50.78974152
13.9370718,50.78971863
13.93918037,50.78997803
13.94011593,50.790905
13.94112587,50.79149628
13.94244194,50.79180908
13.94304466,50.79188156
13.94348907,50.7919426
13.94528294,50.79275131
13.9465704,50.79402161
13.94669247,50.79432297
13.94759178,50.79552841
13.94838238,50.7965889
13.94877529,50.79711533
13.95016861,50.79789352
13.95229053,50.79919815
13.95446873,50.80009842
13.95584106,50.80059052
13.95544815,50.80334854
13.95535851,50.80368805
13.95491695,50.80535889
13.95434761,50.80605698
13.95377922,50.80728912
13.95698929,50.80859756
13.95877647,50.80968857
13.9620285,50.81040192
13.96419525,50.81087112
13.96474648,50.8108902
13.96687508,50.81096268
13.97088051,50.81109238
13.97566032,50.81360626
13.97631264,50.81397629
13.98005104,50.8143425
13.98183346,50.81497955
13.98631477,50.81653214
13.98762989,50.8179512
13.98798466,50.81831741
13.988451,50.81866455
13.98910522,50.8188591
13.98979378,50.81912994
13.98998547,50.81940079
13.99001884,50.81985092
13.99031067,50.82000351
13.99080563,50.8198967
13.99139404,50.81962204
13.99182892,50.81939316
13.99230003,50.81906509
13.99260426,50.8185997
13.99286938,50.81821823
13.99314976,50.8180542
13.99372959,50.8179512
13.99428749,50.81787491
13.99469852,50.81763458
13.99506092,50.81735229
13.9954567,50.81721115
13.99599171,50.81712341
13.99662209,50.81708908
13.99725151,50.81705856
13.99798775,50.81694794
13.99864864,50.8167305
13.99919033,50.81642532
13.99965954,50.81607056
14.00001526,50.81568527
14.00044632,50.81541443
14.00123405,50.81509399
14.00196171,50.81485748
14.00284576,50.81461334
14.00339127,50.81435394
14.00357056,50.81404877
14.00354576,50.8137207
14.0035162,50.81332016
14.00348186,50.81286621
14.00342369,50.81239319
14.00324726,50.81184387
14.00307655,50.81137466
14.00305843,50.81113434
14.00319862,50.81090164
14.00344849,50.81061935
14.00345993,50.8102684
14.00592041,50.81061935
14.0071106,50.8107872
14.00845337,50.81112671
14.00956631,50.81141663
14.01084518,50.81166458
14.01203632,50.81174469
14.01276112,50.81137848
14.01338577,50.81118011
14.01430035,50.81109238
14.01541519,50.81115723
14.01644611,50.81111145
14.01746178,50.81086731
14.01938343,50.81016541
14.02039623,50.80987167
14.02148819,50.80963516
14.02217007,50.80944824
14.02290058,50.80916595
14.02374268,50.80861282
14.02492142,50.80778122
14.02556992,50.80716324
14.02628326,50.80640411
14.02686405,50.80587387
14.02762794,50.80502701
14.02840233,50.80457687
14.02941513,50.80429459
14.03066444,50.80416107
14.03194618,50.8041954
14.03327465,50.80435562
14.03404903,50.80464172
14.03471851,50.80503845
14.03515148,50.80553818
14.0354681,50.8062439
14.03576946,50.80674744
14.03613663,50.80712891
14.03672981,50.80750275
14.0373497,50.80823517
14.03783989,50.80899429
14.03837585,50.80961227
14.03883743,50.80998993
14.03954983,50.81020737
14.04021835,50.81034088
14.04056168,50.81065369
14.04113674,50.81080246
14.0418644,50.81071854
14.04291916,50.81049728
14.04410934,50.81031799
14.04506493,50.81026459
14.0464325,50.81018448
14.0473156,50.81018448
14.04797173,50.81040192
14.05124664,50.81142044
14.05158424,50.81102371
14.05198479,50.81049347
14.05677509,50.81189728
14.05768013,50.81191635
14.05836678,50.8117981
14.05870342,50.81152725
14.05937672,50.81098175
14.06014442,50.81044769
14.06068707,50.81016922
14.06127739,50.81001663
14.06258678,50.80991745
14.06358528,50.80994797
14.06414413,50.81011963
14.06474209,50.81031799
14.06654358,50.81026077
14.06723785,50.81047821
14.06851387,50.81092834
14.06977558,50.81119919
14.07040024,50.81125259
14.07079983,50.81115723
14.0709362,50.81112671
14.0714674,50.8109436
14.07169914,50.81089401
14.07193089,50.81084824
14.0724268,50.81079483
14.07446861,50.81165695
14.07837868,50.81241989
14.07800674,50.81407547
14.07793236,50.81459045
14.07785892,50.81509399
14.07799625,50.81629562
14.07851219,50.81745911
14.07904625,50.81866837
14.08109188,50.81975174
14.08290482,50.82095718
14.08441067,50.82185364
14.08437252,50.82209396
14.08422565,50.82238388
14.084445,50.82255554
14.08501816,50.82266998
14.08536911,50.82282639
14.08549881,50.82303619
14.08583546,50.82355118
14.08610058,50.82421875
14.08686066,50.82485962
14.08818245,50.82540512
14.08880711,50.82557297
14.08952522,50.82585144
14.09061718,50.82617569
14.09135437,50.82632446
14.0921936,50.82632446
14.09281731,50.82611847
14.09397507,50.82637787
14.09508705,50.82659531
14.0960331,50.82668304
14.09704018,50.82646179
14.09785271,50.82630157
14.09831238,50.82636261
14.09934235,50.8264389
14.10021114,50.82682419
14.10056782,50.82738876
14.10124683,50.8274231
14.10195732,50.82809067
14.10300159,50.82870102
14.10699558,50.83030701
14.11097145,50.82966995
14.11218166,50.82999039
14.11509514,50.83075714
14.11634827,50.83224106
14.12052059,50.83270645
14.12134171,50.832798
14.12687588,50.83426285
14.12816525,50.83417892
14.12965012,50.83407974
14.13287258,50.83399582
14.13336182,50.8342514
14.13684654,50.83605957
14.14009857,50.83817291
14.14222813,50.83937454
14.14489174,50.84087753
14.14742756,50.84172821
14.14921665,50.84232712
14.15112591,50.84256363
14.15341187,50.84283447
14.15522957,50.84352493
14.1559248,50.84409714
14.1569643,50.84494781
14.15888023,50.84542847
14.1594162,50.84586716
14.16146469,50.84753799
14.16681194,50.84713364
14.17028713,50.8473587
14.17876244,50.84817886
14.18425179,50.84951019
14.18598366,50.84973907
14.18745232,50.84974289
14.18875504,50.84955597
14.18931484,50.84952927
14.19062996,50.84960556
14.19160175,50.84984207
14.19220448,50.85008621
14.1928463,50.85045242
14.19344044,50.85076523
14.19404602,50.85105515
14.19465065,50.85149384
14.1952734,50.85162735
14.19569206,50.85170364
14.19590759,50.85173416
14.19616508,50.85174179
14.19742966,50.85153961
14.19842815,50.85139084
14.19937897,50.85118103
14.20016098,50.8511734
14.20102787,50.85133743
14.20200062,50.85157394
14.20290375,50.85184479
14.20389748,50.85216522
14.20475292,50.85254288
14.20571804,50.8530426
14.20638275,50.85352707
14.20703411,50.8538475
14.20718193,50.85428619
14.20733452,50.85457611
14.20755291,50.85482025
14.20785046,50.85497284
14.20813084,50.85509872
14.2085743,50.85548401
14.2092104,50.85579681
14.21016502,50.85634232
14.21103477,50.85671997
14.21215248,50.85716248
14.21298409,50.85777283
14.21402264,50.85847855
14.21500587,50.85921478
14.21574402,50.85972214
14.2165041,50.86023331
14.21774197,50.86049652
14.21857166,50.8605423
14.21936607,50.86050797
14.21987343,50.86027527
14.22022533,50.86003876
14.22071838,50.85980606
14.22123623,50.85969162
14.22265053,50.8594017
14.22284508,50.85935211
14.22329235,50.85923767
14.22389698,50.85985565
14.22602654,50.86194611
14.22779942,50.86431885
14.22922516,50.86613083
14.22979832,50.86670303
14.23057652,50.86753464
14.23200703,50.86903763
14.23291588,50.87060165
14.23411465,50.87258148
14.23523617,50.87432098
14.23583603,50.87594986
14.23602009,50.87644958
14.2364397,50.87812805
14.23672962,50.8792572
14.23661613,50.88085556
14.2362709,50.88256836
14.23573685,50.88389587
14.23527622,50.88473511
14.2343483,50.88595581
14.23315048,50.88752365
14.23374939,50.88771057
14.2352457,50.88790894
14.23659706,50.88788223
14.2401619,50.88739777
14.24414158,50.88641357
14.24565506,50.88684464
14.24871922,50.88771439
14.249753,50.88777542
14.25225353,50.88791656
14.25304985,50.88820267
14.25517368,50.88896179
14.25682926,50.88955307
14.26212025,50.89245605
14.26750469,50.89530563
14.26931763,50.89497757
14.27148438,50.89510727
14.27318859,50.89456558
14.27767372,50.8932991
14.28219986,50.89255905
14.28388977,50.89144135
14.28621864,50.88855362
14.28862572,50.88751221
14.28913307,50.88618469
14.28966331,50.88589096
14.29245758,50.8850708
14.29781818,50.88513184
14.30093575,50.88459396
14.30311871,50.88393784
14.30484486,50.8839798
14.30585194,50.88427353
14.30805111,50.88539124
14.310009,50.88594437
14.31285477,50.88699722
14.31513977,50.88761139
14.31671429,50.88803482
14.31817722,50.88842392
14.31936455,50.88874054
14.3247776,50.88943481
14.32578278,50.88956833
14.32766819,50.88981247
14.33293819,50.89049149
14.33376217,50.8905983
14.3365221,50.8902092
14.34231567,50.89188385
14.34397316,50.89280319
14.34727001,50.89252853
14.3482132,50.8925705
14.34904003,50.89292145
14.34939766,50.89328766
14.34949398,50.89444733
14.35033703,50.89567566
14.34854889,50.89748001
14.34861565,50.89828873
14.34963036,50.89918137
14.34904575,50.89986801
14.34862995,50.90036011
14.34876537,50.90060806
14.34927368,50.90072632
14.35018539,50.90073013
14.35111618,50.90061188
14.35188389,50.90042496
14.35199165,50.90016556
14.35180092,50.89975739
14.35212231,50.89934158
14.35251904,50.89915085
14.35334396,50.89895248
14.35390568,50.89868164
14.35460949,50.89841461
14.35538483,50.89847946
14.35606098,50.89839172
14.35667133,50.89836502
14.35694027,50.89850616
14.35765362,50.89887238
14.35811043,50.8992157
14.35838127,50.89956665
14.35904408,50.89948273
14.35932636,50.89894104
14.35991859,50.89868927
14.36065006,50.8984108
14.36178684,50.89786148
14.36279488,50.89764786
14.36353207,50.89759445
14.3643589,50.89743042
14.36524105,50.89725113
14.3661499,50.89720917
14.3669548,50.89729309
14.3672781,50.8972435
14.36884499,50.8967247
14.37073231,50.89646149
14.37261581,50.89632797
14.37414646,50.8962326
14.3748579,50.89656067
14.37492752,50.89706039
14.37499809,50.89756393
14.37529373,50.89786148
14.37628269,50.89775467
14.37728214,50.89761353
14.37787437,50.89788437
14.37867737,50.89811707
14.37940216,50.89809418
14.38029575,50.89787292
14.3809967,50.89790344
14.38149261,50.89821243
14.38171864,50.89853668
14.38284588,50.89889526
14.38372517,50.8990097
14.38473606,50.89883423
14.38563061,50.89880371
14.38653088,50.89883804
14.38763523,50.89908981
14.38806152,50.89958572
14.38833523,50.90029907
14.38813686,50.90065765
14.38802147,50.90114594
14.38768959,50.90160751
14.38713074,50.9019165
14.38649178,50.90211868
14.3861084,50.90247345
14.38608265,50.90284348
14.38659382,50.90299606
14.38724899,50.90332794
14.38723469,50.90367126
14.38750458,50.90433502
14.38790417,50.90502548
14.38801479,50.90552139
14.38808632,50.90583801
14.38819218,50.90676498
14.38835526,50.90735245
14.38860893,50.90817261
14.38853168,50.90877914
14.38845348,50.90937805
14.38839817,50.90956879
14.3877697,50.90989685
14.38713741,50.91016769
14.38706684,50.91051483
14.38751888,50.91080475
14.38775921,50.91130066
14.38732433,50.91172028
14.38646698,50.91204071
14.3860836,50.91222382
14.38602352,50.91252136
14.38618088,50.91304016
14.38640785,50.9135437
14.38667297,50.91398621
14.3867321,50.91452408
14.38663101,50.91501617
14.3863039,50.91536713
14.3861351,50.915905
14.38572693,50.91614532
14.38564301,50.91648865
14.38586903,50.91681671
14.38655376,50.91699219
14.38706398,50.91661453
14.38797474,50.91643143
14.38861465,50.91640854
14.38918877,50.91646194
14.3897047,50.91666031
14.38973713,50.91704559
14.38967609,50.91733551
14.38932037,50.91751099
14.38907337,50.91762924
14.38868618,50.91794586
14.38860703,50.91835403
14.38866043,50.91865921
14.38887596,50.9188652
14.3893671,50.91875458
14.38962936,50.91874313
14.38975048,50.91873932
14.39029121,50.91838837
14.39095497,50.91814041
14.39146996,50.91798782
14.39214611,50.9179039
14.39275646,50.91787338
14.39364719,50.91795349
14.39414883,50.91815186
14.39450073,50.91844559
14.39459229,50.91876602
14.3945303,50.91913986
14.3940649,50.91936111
14.39398098,50.91939163
14.39353848,50.91955185
14.39302349,50.91969299
14.39235306,50.91986084
14.39181805,50.91994095
14.39166069,50.92010117
14.3915329,50.92027664
14.3915205,50.92046356
14.39161777,50.92067719
14.39179993,50.92082977
14.39195824,50.92092896
14.39242554,50.92100143
14.39283276,50.92081833
14.39335918,50.92063904
14.3937645,50.92070389
14.39432049,50.92087555
14.39467144,50.92098236
14.39490891,50.92127228
14.39533424,50.92158127
14.39556026,50.92189789
14.39624405,50.92206192
14.39634228,50.92207336
14.39687824,50.92214203
14.39768124,50.9223671
14.39823818,50.92288971
14.39894485,50.92299271
14.39959621,50.92327499
14.4002924,50.92341614
14.40071106,50.92348099
14.40128994,50.92358017
14.40180111,50.92373276
14.40214348,50.92407227
14.40206051,50.92444611
14.40201187,50.92470932
14.40167427,50.92509842
14.40133858,50.92552567
14.40098858,50.92576981
14.40080738,50.92648697
14.4005127,50.9268837
14.40061569,50.92726135
14.4009676,50.92754745
14.40137291,50.92762375
14.40127945,50.92803955
14.40090656,50.92834854
14.40043545,50.9285202
14.40013027,50.92861938
14.40005684,50.92874527
14.39991951,50.9289856
14.39986992,50.92924881
14.40004635,50.92965698
14.39994621,50.92982483
14.39968109,50.93022919
14.39953136,50.93047714
14.39941216,50.93075943
14.39938927,50.93082428
14.39968777,50.93115616
14.39979649,50.93159485
14.39998245,50.93177795
14.4002943,50.93226242
14.40083981,50.93281174
14.40097809,50.93327713
14.40070057,50.93370819
14.40016556,50.93395996
14.39948654,50.934021
14.39900208,50.93402863
14.39887047,50.93415833
14.39872265,50.93426132
14.39855862,50.93434906
14.39817429,50.93452454
14.39789867,50.9349823
14.3976717,50.93516159
14.3972187,50.93553543
14.39705086,50.93609238
14.39672852,50.93648911
14.39593983,50.93678665
14.3956728,50.93699646
14.39537525,50.93719482
14.3948555,50.93745422
14.3941555,50.93744278
14.39350319,50.93765259
14.39302731,50.93793106
14.39243507,50.9381752
14.39188862,50.93846512
14.39140892,50.93869781
14.39100075,50.9389267
14.39069843,50.93924332
14.39051819,50.9394722
14.38986206,50.93997192
14.38923931,50.94037247
14.38873386,50.94097519
14.38821793,50.94145966
14.38772583,50.94165421
14.38732243,50.94181442
14.38717842,50.9416275
14.38663673,50.94092178
14.38588715,50.94052887
14.38345051,50.94021606
14.37962914,50.93971252
14.37876415,50.93959427
14.37833405,50.93888855
14.37780285,50.93884277
14.37699699,50.9389267
14.37624931,50.9388504
14.37553978,50.9387207
14.37516499,50.93849945
14.37456703,50.93817902
14.37386703,50.93815613
14.37317467,50.93824005
14.3723402,50.93848419
14.37177086,50.93884659
14.37097645,50.93923569
14.3701086,50.93942642
14.36915874,50.93949127
14.3695612,50.94067001
14.36968803,50.94164658
14.36947536,50.94217682
14.36733341,50.94210434
14.36641788,50.94207001
14.36332321,50.94143295
14.36182117,50.94144058
14.36052227,50.94144821
14.36082363,50.94216156
14.36106968,50.94271851
14.36053085,50.94291687
14.3558836,50.94465637
14.34932041,50.94514084
14.34754467,50.94631577
14.34658718,50.94691849
14.34741402,50.94802094
14.34668064,50.94818878
14.34598446,50.94848633
14.34579659,50.94856644
14.34305763,50.94895935
14.34221649,50.94908142
14.33921528,50.94987488
14.33759212,50.94955826
14.33546257,50.94950104
14.33432198,50.94898987
14.33308029,50.94909668
14.3315506,50.94963074
14.32864475,50.9496727
14.32536793,50.94971848
14.32344627,50.95035934
14.3217144,50.95064163
14.31906223,50.95161057
14.31782532,50.95198441
14.31702137,50.95208359
14.31634045,50.95198822
14.31524944,50.95256042
14.3117075,50.95376205
14.3114109,50.95423126
14.3107481,50.9552803
14.31144142,50.95572281
14.31246471,50.95619583
14.31354809,50.95667267
14.31375217,50.95676422
14.31456757,50.95713425
14.31552029,50.95745468
14.31636906,50.95771408
14.31724262,50.95792007
14.31720734,50.95819473
14.31720734,50.95968246
14.3169117,50.96067047
14.31518364,50.96081924
14.31396008,50.96110535
14.31344795,50.96122742
14.31019306,50.96199417
14.30908203,50.96248627
14.30656338,50.96285629
14.30549812,50.96351624
14.3025589,50.96533203
14.30446339,50.96646118
14.30522633,50.96724701
14.30739021,50.96808243
14.30862331,50.96816254
14.30968571,50.9691658
14.3110218,50.97041321
14.3118248,50.9711647
14.31295681,50.97225952
14.31656551,50.97327805
14.32020855,50.97212219
14.32374954,50.97266388
14.3254776,50.97216415
14.32701397,50.97244644
14.3284235,50.97350693
14.32907009,50.97454453
14.32794189,50.97545242
14.32605839,50.97782135
14.32643127,50.97988892
14.32655811,50.98059082
14.3290844,50.98153305
14.32972813,50.98220062
14.32837296,50.98301315
14.32778835,50.98340988
14.3260994,50.98407745
14.3248291,50.98436737
14.32355404,50.98536301
14.32235146,50.98530579
14.31788349,50.98529816
14.31719971,50.98497772
14.31618595,50.98462296
14.31508064,50.98472214
14.31383419,50.98483658
14.31302547,50.98489761
14.31192875,50.98474503
14.31140804,50.98466492
14.31082153,50.98430634
14.30976105,50.98390579
14.30916119,50.98354721
14.30880356,50.98302078
14.30792713,50.98260498
14.30726433,50.98235703
14.30640316,50.98212433
14.30539227,50.98180771
14.30424023,50.98167419
14.30346775,50.98148346
14.30252266,50.98109818
14.30187225,50.98082352
14.30090427,50.98050308
14.29992294,50.98003006
14.29948616,50.97957611
14.2989006,50.97921753
14.29748535,50.97901917
14.29630089,50.97884369
14.29538918,50.97868347
14.29483795,50.978405
14.29374409,50.97846603
14.29284477,50.9784584
14.29186153,50.97848129
14.29144478,50.97845078
14.29106903,50.97838211
14.29063416,50.97830582
14.28968525,50.97821808
14.2882452,50.97806931
14.2877264,50.97800446
14.28723526,50.97757721
14.28659248,50.97722244
14.28577518,50.97699738
14.28487587,50.97751999
14.2822094,50.97772598
14.2814312,50.9792099
14.27944374,50.98091507
14.27612591,50.98276138
14.26934147,50.98444748
14.26289558,50.98539734
14.26311207,50.98643494
14.26105499,50.98677444
14.26029396,50.98717117
14.25864697,50.98753738
14.25852394,50.98798752
14.25849438,50.98844528
14.25854301,50.98933029
14.25836658,50.98994827
14.25875092,50.99049377
14.25854397,50.99213028
14.26025963,50.99316406
14.26211643,50.9942627
14.26229572,50.99480057
14.26253033,50.99573517
14.26319599,50.99648666
14.26397419,50.99704742
14.2647295,50.99769592
14.26541901,50.9981041
14.2658577,50.99847412
14.26658058,50.9991951
14.2681694,50.99922562
14.26880264,51.00004196
14.26762199,51.00016403
14.26726913,51.00047302
14.26733685,51.00083923
14.26498032,51.00172043
14.26483917,51.00177383
14.26421642,51.00232697
14.26224136,51.0040741
14.26181793,51.0054512
14.2607584,51.00719833
14.26052666,51.0075798
14.2606039,51.00840759
14.26064205,51.00883102
14.2651577,51.00815964
14.26706696,51.0089035
14.26774979,51.00894165
14.26991653,51.01002884
14.2720871,51.01068115
14.27430534,51.01176071
14.28022194,51.01409531
14.28111172,51.01485062
14.28197193,51.01559067
14.28086948,51.01641464
14.27944851,51.01673508
14.2798605,51.01789093
14.27767181,51.01884079
14.27820873,51.01935959
14.28001785,51.02087021
14.28064442,51.02136993
14.28473377,51.02474213
14.28631496,51.02696228
14.2862339,51.02981186
14.28578758,51.03099823
14.28534412,51.0322113
14.28483486,51.03239441
14.28413963,51.03245163
14.28362179,51.03281403
14.2832346,51.03317261
14.28267574,51.03350067
14.2823143,51.03380966
14.28193378,51.03413391
14.28123188,51.03479767
14.28046989,51.034729
14.28012562,51.03536987
14.27980995,51.03636932
14.27927208,51.03649521
14.27893066,51.03670883
14.27834892,51.03700256
14.27783108,51.03713989
14.27685928,51.03750229
14.27624893,51.03744125
14.27551937,51.03776169
14.27488422,51.03762817
14.27441406,51.03765488
14.273592,51.03777695
14.27354145,51.03808594
14.27363873,51.03834534
14.27402496,51.03868103
14.27379227,51.03977203
14.27483368,51.03978729
14.27567101,51.03962708
14.27659321,51.03957367
14.27786255,51.03937912
14.27987099,51.03920746
14.28162766,51.0391922
14.2823267,51.03918457
14.28366661,51.03915405
14.28452301,51.03899384
14.28648567,51.0384903
14.28744125,51.03884125
14.28839016,51.03911972
14.28935909,51.03973007
14.28964233,51.04143906
14.2915659,51.04311752
14.29166317,51.04365158
14.29218864,51.04653549
14.2930212,51.04685593
14.29480076,51.04754257
14.29590797,51.04901123
14.296031,51.05052185
14.2982626,51.05193329
14.29894733,51.0525322
14.29951191,51.05318069
14.30037022,51.0537262
14.30066872,51.05391693
14.3015213,51.05485535
14.30185795,51.05504608
14.30331039,51.05500031
14.30545235,51.05506134
14.30650711,51.05500031
14.30772495,51.05486679
14.30839443,51.05496216
14.30976391,51.05529022
14.3106842,51.055439
14.31251717,51.05542374
14.31374836,51.05544281
14.31465149,51.05561829
14.31537628,51.05569077
14.31625652,51.05558777
14.3169241,51.05542374
14.31739616,51.05519485
14.317873,51.05469894
14.31834221,51.05404282
14.31868553,51.05362701
14.3193531,51.0532341
14.32006359,51.05290222
14.32069683,51.0525589
14.32131481,51.05225372
14.32195568,51.05200577
14.32246494,51.05176163
14.322649,51.05147171
14.32282734,51.0511055
14.32372665,51.05100632
14.32410431,51.05076599
14.32452583,51.05038452
14.32530594,51.04997635
14.32641792,51.04946518
14.32704163,51.04853439
14.32702827,51.04750824
14.32703114,51.04701996
14.33059216,51.04463196
14.33098793,51.04333496
14.33234501,51.04237366
14.33319283,51.04119873
14.33502865,51.03969193
14.33557987,51.03946304
14.33662987,51.03902054
14.34051895,51.03845978
14.34382439,51.03890228
14.3451004,51.03907394
14.34577179,51.03987503
14.34636307,51.04082489
14.3466444,51.04127502
14.34829426,51.04156494
14.34915924,51.04193878
14.35097122,51.04271698
14.35351944,51.04328156
14.35520935,51.04310226
14.356493,51.04312897
14.3597374,51.04434586
14.36198711,51.04542542
14.36590099,51.04333878
14.36973858,51.04206085
14.37326717,51.03948212
14.37402248,51.03860474
14.37586117,51.03922653
14.37951183,51.03885651
14.3825655,51.0385704
14.38332367,51.03533554
14.38346672,51.03335571
14.38309002,51.03268814
14.38308048,51.03190231
14.38311195,51.03069687
14.38354397,51.02931213
14.38316727,51.02853012
14.38425159,51.02783203
14.38476372,51.02695847
14.38585949,51.02672958
14.38768578,51.02532578
14.38990879,51.02408218
14.39089012,51.02383423
14.39208984,51.0237236
14.3959074,51.02236557
14.40058517,51.02209091
14.40532207,51.02083588
14.40661621,51.01997757
14.40756512,51.01957703
14.4084425,51.01877213
14.41241837,51.01876831
14.41835117,51.01898956
14.42018223,51.01919174
14.42089653,51.01935577
14.42178535,51.0195694
14.42508984,51.02130508
14.42700291,51.02230453
14.42771721,51.02246857
14.43176937,51.02341461
14.43151951,51.02451324
14.43224716,51.02500916
14.43541622,51.02716446
14.43874741,51.02819824
14.44093323,51.02936554
14.44231701,51.03034592
14.4445076,51.03191376
14.4458828,51.03262329
14.44779491,51.03360367
14.44846821,51.03395081
14.44952965,51.03450012
14.45129204,51.03506088
14.45218849,51.03534698
14.45381927,51.03589249
14.455266,51.03555679
14.45802212,51.03551102
14.45957184,51.0350647
14.46045876,51.03504944
14.46097279,51.03553009
14.46545315,51.03530884
14.47055912,51.03093719
14.47333336,51.02981567
14.47412968,51.02962112
14.47529125,51.02949905
14.47472572,51.02775192
14.47436523,51.02550125
14.48232555,51.02452469
14.48552895,51.02355957
14.49128056,51.02351761
14.49169159,51.02348328
14.49265862,51.02340317
14.49267578,51.02350235
14.49342918,51.02786636
14.49327469,51.02827454
14.49271965,51.02974701
14.49405956,51.03401566
14.49422836,51.03630829
14.49248981,51.04050446
14.49228191,51.04100037
14.49159908,51.04262924
14.49143696,51.04301453
14.49122143,51.04352951
14.49155807,51.04359055
14.49437046,51.04409027
14.49615669,51.04441452
14.49721718,51.04510117
14.4976511,51.04566193
14.4984169,51.04642105
14.49978542,51.04654312
14.5007925,51.04628372
14.50244713,51.04525375
14.50434494,51.04401779
14.50506496,51.04425049
14.50586033,51.04389191
14.50679588,51.04347229
14.50821209,51.04315567
14.50823021,51.04187393
14.50709629,51.04026794
14.50466919,51.03658295
14.50371647,51.03513718
14.50369167,51.03510666
14.50230598,51.03346634
14.50173569,51.03279114
14.50114441,51.03164291
14.50109482,51.03100586
14.50061226,51.02847672
14.50004578,51.02573013
14.49855804,51.02206039
14.50317669,51.02078247
14.50700474,51.02030182
14.50937557,51.02060699
14.51601124,51.01935959
14.51976871,51.01920319
14.52142048,51.01913452
14.52446175,51.01862717
14.52533436,51.01847839
14.52854061,51.0173111
14.53056622,51.01714325
14.5321455,51.01652908
14.53386307,51.01502991
14.53567505,51.01420212
14.53583145,51.01412964
14.53752518,51.01317596
14.53818512,51.01272583
14.53872776,51.0120163
14.53911781,51.01128387
14.53917027,51.01122284
14.53988934,51.01037598
14.53854656,51.01005936
14.53849792,51.01005173
14.53738499,51.00983047
14.53634262,51.00958252
14.53558254,51.00931168
14.53505802,51.00893402
14.53477859,51.00854111
14.53467178,51.00818634
14.53478718,51.00791931
14.53486061,51.00775146
14.53508949,51.00733566
14.5350275,51.00706482
14.5347023,51.00680161
14.53274918,51.00563049
14.5331831,51.00497055
14.53347969,51.00469971
14.53423119,51.00420761
14.53469849,51.00371552
14.53791523,51.0039978
14.54071903,51.0045166
14.54633522,51.00520706
14.5475893,51.00536346
14.5484972,51.00535583
14.54987335,51.00534439
14.55319977,51.00635147
14.55569744,51.00710678
14.55973148,51.00712204
14.56011105,51.00691986
14.56091022,51.00698471
14.56051731,51.00767899
14.56104755,51.00833893
14.56379604,51.0097084
14.56453133,51.01013947
14.56596851,51.00928879
14.56669426,51.00808334
14.56746769,51.00744629
14.56646156,51.0061264
14.56872272,51.00432968
14.57015133,51.00424576
14.57101345,51.00330734
14.57428074,51.00207901
14.57646084,51.00121689
14.57870388,51.00030899
14.57928085,50.99913406
14.57937431,50.99782944
14.58003902,50.99741745
14.58045578,50.9965477
14.58087158,50.99567413
14.58093834,50.99497604
14.5810051,50.99427414
14.58134079,50.99354172
14.58279514,50.99287796
14.58339977,50.9926033
14.58373165,50.99245453
14.58525372,50.99176407
14.58665657,50.99083328
14.58768749,50.9904213
14.5891943,50.98982239
14.59195137,50.98835373
14.59223557,50.98820114
14.59505558,50.98715591
14.59522438,50.98710632
14.59547329,50.98703384
14.59745884,50.98704529
14.59917736,50.98711014
14.5985651,50.98099518
14.5985117,50.98038483
14.60067558,50.97951508
14.59803581,50.97650909
14.59713936,50.97454834
14.59699059,50.97244263
14.59696865,50.97212982
14.59696102,50.97172546
14.59686756,50.97053146
14.59674168,50.96891403
14.59458065,50.96788025
14.59215355,50.96676636
14.59329033,50.96638489
14.5960741,50.9628067
14.59574509,50.96247864
14.59298515,50.95966339
14.58561897,50.9521637
14.58517075,50.95101547
14.58521938,50.9494133
14.58399105,50.94738007
14.58358669,50.94577408
14.58204842,50.94369125
14.58067608,50.94187546
14.57958794,50.94117355
14.57727814,50.93972397
14.57238674,50.93795013
14.56949425,50.93521118
14.56758118,50.93339539
14.56639385,50.93048859
14.5662384,50.93010712
14.56399155,50.92819977
14.56066227,50.92537308
14.56218433,50.92390442
14.56228638,50.92359543
14.56293011,50.92164993
14.56355858,50.92106628
14.56355286,50.92035294
14.56379509,50.91967773
14.56481075,50.91835403
14.56895256,50.91796494
14.57490635,50.91661072
14.57775784,50.91596222
14.58021736,50.91491699
14.58125305,50.9148674
14.58320999,50.91425705
14.58442688,50.91528702
14.58551979,50.91556168
14.5866518,50.91595459
14.58777809,50.91643906
14.58938503,50.91704178
14.59095097,50.91717529
14.59326077,50.91653442
14.59929466,50.91988373
14.60219288,50.92111206
14.6026926,50.92132187
14.6031456,50.9212265
14.6039114,50.9210701
14.60538101,50.92108917
14.60700893,50.92127609
14.60761738,50.92140579
14.60831642,50.92155457
14.60957718,50.92183304
14.61260605,50.92250061
14.61611271,50.92471313
14.61711025,50.92554092
14.62132359,50.92561722
14.6252985,50.92530441
14.62811852,50.92538452
14.63034821,50.92656708
14.63852119,50.92995453
14.64443684,50.93152618
14.64732456,50.93154526
14.65021515,50.93153381
14.65065384,50.92820358
14.6517725,50.926651
14.65223789,50.92596054
14.65204144,50.92264175
14.65160084,50.91456604
14.65149212,50.9125824
14.65224552,50.907547
14.65289593,50.90548706
14.65208435,50.90526581
14.64987564,50.90479279
14.64770508,50.90432739
14.64428234,50.90264893
14.63965702,50.90031433
14.63874626,50.89985657
14.63623333,50.89744949
14.63503742,50.89332962
14.63471508,50.8901062
14.63422298,50.88876724
14.63347435,50.88673401
14.63191414,50.88329315
14.63088131,50.88224792
14.63005447,50.88127518
14.62973404,50.88088226
14.62908649,50.87977219
14.62864017,50.87786484
14.62708187,50.87555313
14.62551785,50.87317276
14.62506199,50.87253189
14.62475681,50.87149811
14.62465858,50.87039185
14.62439537,50.86904144
14.6243372,50.86870193
14.62340355,50.86772156
14.62310028,50.86740494
14.61968136,50.86517715
14.61872959,50.86455536
14.61889648,50.86403656
14.62013245,50.86014557
14.62003994,50.85945511
14.6196413,50.85877991
14.61886883,50.85771179
14.62108135,50.85759735
14.62229061,50.85743332
14.6246233,50.85696793
14.62563038,50.85686111
14.62640476,50.856884
14.62730789,50.85665894
14.62929726,50.85615921
14.63087273,50.8556633
14.63247776,50.85528183
14.63321114,50.85505295
14.63407707,50.85462952
14.63486099,50.8543396
14.63553143,50.85404205
14.63688469,50.85337448
14.63847733,50.85243607
14.63910866,50.85190964
14.63972664,50.85166168
14.64038277,50.85162735
14.64263725,50.85177231
14.64306545,50.85172272
14.64348316,50.85153961
14.64417267,50.85082626
14.64492321,50.85016632
14.64542389,50.84986115
14.64636803,50.84925461
14.64714813,50.84893036
14.64794159,50.84878159
14.6416378,50.84763718
14.64157009,50.84765625
14.6413393,50.84757996
14.61787891,50.83999634
14.6143856,50.83858109
14.60972691,50.83573151
14.60464382,50.83116531
14.59691715,50.82644272
14.59417057,50.8252449
14.58725071,50.8236084
14.58399868,50.82254791
14.57638645,50.81788635
14.57441521,50.81607819
14.57049656,50.80936813
14.56723022,50.80609131
14.56647778,50.80491257
14.56554222,50.80225372
14.56400871,50.79428101
14.56193829,50.79039764
14.55943584,50.78787613
14.5547514,50.78453827
14.55113506,50.78263855
14.54704285,50.78115463
14.54249954,50.78029633
14.53548241,50.77982712
14.52619171,50.77997208
14.51974392,50.78065491
14.51607513,50.7816124
14.50970268,50.78448486
14.50262833,50.786129
14.49930382,50.78720093
14.49461174,50.78984451
14.4757309,50.79758453
14.47018433,50.80053711
14.4668808,50.80110168
14.46507168,50.80105972
14.46155357,50.80029678
14.45860577,50.79882813
14.45645618,50.79713058
14.45475769,50.79505157
14.45264244,50.79050827
14.45169926,50.78694153
14.45175266,50.78439713
14.45391273,50.7765274
14.45454311,50.77164841
14.45441055,50.7652359
14.45312691,50.7609024
14.45230198,50.75965881
14.44809628,50.75537491
14.44455338,50.74981689
14.44259834,50.74808121
14.43945313,50.74607086
14.43295479,50.74106216
14.43139172,50.73915482
14.43095016,50.73798752
14.43078518,50.73555756
14.43148422,50.73322678
14.43291664,50.73138809
14.43544197,50.72914505
14.43626976,50.72802734
14.43736458,50.72544479
14.43776226,50.72122955
14.43704605,50.71846771
14.43625069,50.71717453
14.43505096,50.71600342
14.43192863,50.71445084
14.42378712,50.71236038
14.42019176,50.7110405
14.41732216,50.71045303
14.4125948,50.71060562
14.40424442,50.71261215
14.40106106,50.71278381
14.39948654,50.71264267
14.39797688,50.71232224
14.39548302,50.71126938
14.38927364,50.70727158
14.3883152,50.70616913
14.38703728,50.7036972
14.38412857,50.69475937
14.38326263,50.68989563
14.38276768,50.67987442
14.38212967,50.67495728
14.37856579,50.66445541
14.37725639,50.66199493
14.37535763,50.66007614
14.36851311,50.65498734
14.36394691,50.65248108
14.35975266,50.64958572
14.3536768,50.64651489
14.34813309,50.64292145