17.25799751,49.30308533
17.24858856,49.30252457
17.23972511,49.30161285
17.22754478,49.30153656
17.21603775,49.30030823
17.21052742,49.29902649
17.20400238,49.29608536
17.1965332,49.29410934
17.19190025,49.29790878
17.18623543,49.30136108
17.18404007,49.30303955
17.17215729,49.31552505
17.1677227,49.31830215
17.16388512,49.32130051
17.15936089,49.32382202
17.15551186,49.32682037
17.15104675,49.32957458
17.14604759,49.33424377
17.1416111,49.33713913
17.13430023,49.34032822
17.13082314,49.3423233
17.12792015,49.34350967
17.11901665,49.34553909
17.11742973,49.34606934
17.11262894,49.34838486
17.1092968,49.3493576
17.10211182,49.35088348
17.09387589,49.35415649
17.08390808,49.35595703
17.07976913,49.3571167
17.07415581,49.35969925
17.06930923,49.36289978
17.06671906,49.365345
17.0657444,49.36669159
17.06468582,49.36954117
17.06464386,49.37234116
17.06550789,49.37491989
17.06631279,49.37604904
17.07082176,49.38004303
17.07430458,49.38562393
17.07882881,49.38966751
17.08019447,49.39205933
17.08067322,49.39477921
17.08033371,49.39763641
17.07903481,49.40041733
17.07706451,49.4029007
17.0741291,49.40610504
17.07208443,49.40789795
17.07070351,49.4086647
17.06883812,49.40930176
17.06487083,49.40979004
17.06097031,49.40945053
17.05757332,49.40830612
17.0564537,49.40756226
17.0516777,49.40314102
17.04877663,49.40155029
17.04541206,49.40068817
17.04210281,49.40069962
17.0405407,49.40102386
17.03811646,49.40215302
17.03322411,49.40533829
17.03134346,49.4071846
17.02903748,49.41182709
17.02757454,49.41399765
17.02281952,49.4180336
17.02033615,49.42102432
17.01214218,49.42975235
17.00587654,49.43454361
16.99513054,49.44614792
16.99121284,49.4493103
16.98936844,49.45124054
16.98572731,49.45906067
16.98140144,49.46562958
16.98038864,49.46835709
16.9787178,49.47651672
16.97765541,49.47892761
16.97682571,49.4799881
16.96921539,49.48596191
16.96136475,49.49033737
16.95841026,49.49151611
16.95266533,49.49245453
16.93990517,49.49333954
16.93245316,49.49420547
16.92855263,49.49436951
16.9246521,49.49419785
16.91500092,49.4931488
16.9017067,49.49240875
16.89523697,49.49149704
16.89114571,49.49031448
16.88274765,49.48706818
16.8801384,49.48547363
16.87908936,49.48434448
16.87836075,49.48313141
16.87761688,49.48056793
16.87753296,49.47793198
16.87798119,49.47533798
16.87900543,49.47293091
16.87978554,49.47186279
16.88328171,49.46868515
16.88401985,49.46767426
16.88506508,49.46535492
16.8867836,49.45900345
16.88791656,49.45664978
16.88973045,49.45478058
16.89661598,49.44968414
16.90122795,49.44722748
16.9052372,49.44438553
16.90991974,49.44196701
16.91382217,49.43902588
16.91699982,49.43699265
16.91888809,49.43507004
16.91952515,49.43388367
16.92022324,49.43133545
16.92017746,49.42736816
16.918787,49.42367554
16.9169178,49.42179489
16.91378593,49.41978073
16.91013908,49.41675186
16.90707588,49.41467285
16.90532303,49.41284943
16.90423965,49.41052628
16.90261459,49.4040947
16.90147209,49.40160751
16.90058899,49.40045929
16.89768791,49.39832687
16.89358139,49.39678192
16.87556267,49.39286423
16.87226486,49.3918457
16.86707687,49.38961029
16.86317444,49.38868713
16.85651207,49.38814545
16.84955025,49.38850784
16.845047,49.38941956
16.83964348,49.39178848
16.8368206,49.39375687
16.83294106,49.39717865
16.82859993,49.39999008
16.82104683,49.40618515
16.81945992,49.4087677
16.81868553,49.41167831
16.81844521,49.41474152
16.81884766,49.4193573
16.82030678,49.42360306
16.82441521,49.42821884
16.82591057,49.43082428
16.82727814,49.4370079
16.8273716,49.4435463
16.82658958,49.44823837
16.82533836,49.45103836
16.82437134,49.45225525
16.81379318,49.46035767
16.81113815,49.46338272
16.80708313,49.47343063
16.80626488,49.47674561
16.80558586,49.48715973
16.80585861,49.50651169
16.80667114,49.51340485
16.80940628,49.52183914
16.81035423,49.52664948
16.81064987,49.53138351
16.80998039,49.53582382
16.80835533,49.53849792
16.80688667,49.53966522
16.80513954,49.54049683
16.80124283,49.54135895
16.79502869,49.54137039
16.78029633,49.53898621
16.77582169,49.53749084
16.76984978,49.53666306
16.7658844,49.5369339
16.76399231,49.53742981
16.76227379,49.5382576
16.76098824,49.53937149
16.76022148,49.54059601
16.75979042,49.54316711
16.76105118,49.54704285
16.76334763,49.54994965
16.76759338,49.56851959
16.76920509,49.57139206
16.77059364,49.57263947
16.7743454,49.5743103
16.77939796,49.57530212
16.78254509,49.57540512
16.79516792,49.57464218
16.80219841,49.5751152
16.80438995,49.57568359
16.80639648,49.57661819
16.8079319,49.57789612
16.80890083,49.57933426
16.80960655,49.58242416
16.8090992,49.58562851
16.80514336,49.59363556
16.79927254,49.60191345
16.79636192,49.60454559
16.79130363,49.60816956
16.79917336,49.61679459
16.80591583,49.62725067
16.80722618,49.629879
16.8075695,49.63232422
16.80709648,49.63474274
16.80254745,49.64255142
16.8014183,49.64717865
16.80127335,49.65035629
16.80164719,49.65351868
16.80275345,49.65658569
16.80360603,49.65794373
16.80681419,49.66159821
16.8109436,49.66546249
16.81380844,49.66693115
16.82236862,49.66917419
16.82509041,49.67034149
16.83304787,49.67490005
16.83800507,49.67892456
16.84306335,49.68227005
16.84322929,49.69276428
16.84262657,49.70170975
16.84349632,49.71011734
16.84358025,49.71563339
16.8429203,49.71977997
16.84173393,49.72245026
16.8408165,49.72369385
16.83847809,49.72596359
16.83568382,49.72800446
16.83088875,49.73065186
16.82731819,49.73204422
16.82540894,49.73257065
16.82120895,49.73323441
16.81089401,49.73382568
16.80711174,49.7343483
16.80535889,49.73485947
16.80377579,49.73563385
16.80254745,49.73666
16.80171394,49.73781204
16.80090332,49.74029541
16.80103683,49.74414825
16.80238724,49.74767685
16.80314255,49.74864578
16.80562401,49.75071335
16.80682373,49.75241089
16.80702019,49.75450516
16.80608559,49.75672531
16.80419922,49.75883102
16.79688644,49.76502228
16.79487038,49.76732635
16.79353905,49.7697525
16.79053688,49.77722549
16.78896141,49.77939606
16.78290176,49.78636932
16.78080368,49.78796005
16.77740288,49.78990555
16.7735405,49.79287338
16.76898766,49.79553223
16.76708794,49.79732132
16.76107597,49.80444336
16.75977325,49.80691528
16.75905609,49.80968475
16.75839233,49.81951141
16.7579689,49.82213974
16.75700951,49.824543
16.75621414,49.82561111
16.75221252,49.82863998
16.74831009,49.83198547
16.74607468,49.83328629
16.74121094,49.83487701
16.73543549,49.83591461
16.73348045,49.84540939
16.73303223,49.85010147
16.73344421,49.85462952
16.73451614,49.85734177
16.73640251,49.85938263
16.74226379,49.86367416
16.74449539,49.86500549
16.75255203,49.86912155
16.76058388,49.87123489
16.76361847,49.87265396
16.7654953,49.87491608
16.76592827,49.87619781
16.76603317,49.87889099
16.76522827,49.88162613
16.76021576,49.889431
16.75735092,49.90027237
16.75616074,49.90327454
16.75272751,49.90855789
16.75136566,49.91133499
16.75035095,49.91577911
16.7491951,49.92640305
16.747715,49.93077087
16.73968315,49.94185638
16.73434639,49.94815826
16.73011208,49.95636368
16.72945404,49.95928574
16.72950935,49.9637146
16.73182678,49.97290039
16.73175049,49.97583771
16.73096657,49.97874451
16.73023415,49.9801445
16.72809219,49.98269653
16.71981049,49.98952866
16.71755028,49.99201965
16.71676636,49.99334717
16.715868,49.99606323
16.71577263,49.99875641
16.7160511,50.00006485
16.71748543,50.00251007
16.71878052,50.00356674
16.72050476,50.00440216
16.72239113,50.00493622
16.72642708,50.00547409
16.73745155,50.00595093
16.74198341,50.00645447
16.74643707,50.00754929
16.75256729,50.01023483
16.76003838,50.01465225
16.79639244,50.0381813
16.80155945,50.04176712
16.80589867,50.04567719
16.8069706,50.04713058
16.80825806,50.0501709
16.80869293,50.05325699
16.80850029,50.05628204
16.80706406,50.0603981
16.80620575,50.06155014
16.80269814,50.06469727
16.80127335,50.06711578
16.80060005,50.06988144
16.80080414,50.07416534
16.8018856,50.0768013
16.80281258,50.07794571
16.8068676,50.08073044
16.81403923,50.0863533
16.81459808,50.08731461
16.81489944,50.08943939
16.81406021,50.09175491
16.81227493,50.09403229
16.80761528,50.09907532
16.80250549,50.10293198
16.80084991,50.10520172
16.79987526,50.10773468
16.79935074,50.11029434
16.79918671,50.11251068
16.79965019,50.11450195
16.80029869,50.115448
16.80226135,50.11702728
16.8093605,50.1200676
16.81385803,50.12274551
16.81895638,50.12732697
16.82301331,50.13044357
16.82465744,50.13273239
16.8275795,50.13932419
16.83194923,50.14586639
16.8358345,50.15588379
16.84024811,50.16242981
16.84396935,50.17013931
16.84585381,50.17200089
16.85655212,50.18003082
16.85824203,50.18216324
16.86022758,50.18579102
16.86198425,50.18818283
16.86335945,50.18941498
16.86688614,50.19178391
16.86990166,50.1953125
16.8671875,50.19523239
16.86699677,50.19805145
16.86727715,50.19799042
16.86802864,50.19795227
16.86841965,50.19784546
16.86871719,50.19781113
16.8692894,50.19758224
16.86982155,50.19742584
16.87046623,50.19742203
16.87092972,50.19728851
16.87162781,50.19696426
16.8719883,50.19701385
16.87207985,50.19702911
16.87287331,50.19724655
16.87403679,50.19740295
16.87386513,50.19994354
16.88085175,50.20014954
16.88073158,50.20191193
16.88054657,50.20465088
16.88024139,50.20915604
16.88412476,50.20927048
16.88423157,50.20969772
16.88435555,50.21040344
16.88447952,50.21063232
16.88434792,50.21110535
16.88436699,50.21158218
16.88461113,50.21193695
16.88488007,50.21218109
16.88492393,50.21265411
16.88502884,50.21305847
16.88534927,50.21341705
16.8856163,50.21376038
16.88595772,50.21396255
16.88604546,50.21412659
16.88650894,50.21438599
16.88685417,50.21488571
16.88695717,50.2150383
16.88753891,50.21563721
16.88804054,50.21582794
16.88877106,50.21627426
16.88910294,50.21639252
16.88993073,50.21656036
16.89047623,50.21660995
16.89172173,50.21673965
16.89263725,50.21713638
16.89364052,50.21723938
16.89394379,50.21751404
16.89455223,50.21743393
16.89515686,50.21749878
16.89595604,50.21773529
16.89651489,50.21777725
16.89700127,50.21809387
16.89761162,50.21828461
16.89808273,50.21858978
16.89834213,50.21907806
16.89824867,50.21965027
16.8980484,50.22032166
16.89806747,50.22037506
16.8982563,50.22089386
16.8979187,50.22144318
16.89813805,50.22166824
16.8979969,50.22202301
16.8984127,50.22241974
16.89850807,50.22251892
16.8986454,50.22266006
16.89905548,50.2228508
16.89948273,50.2229538
16.89991188,50.22290421
16.90052605,50.22309113
16.90091515,50.22312546
16.9016571,50.22309494
16.90231514,50.22309875
16.90268898,50.22304916
16.90338326,50.2229538
16.90383911,50.22299194
16.90435982,50.22298431
16.90464211,50.22296906
16.90481949,50.22296143
16.90513802,50.22312546
16.90556717,50.22325516
16.90592003,50.22341537
16.90624237,50.22345734
16.90734482,50.22377014
16.90893745,50.22388077
16.90992928,50.22400665
16.91122246,50.22436523
16.91165543,50.22457504
16.91182137,50.22475815
16.9122715,50.22500992
16.91253662,50.22540283
16.91301727,50.22538757
16.91346741,50.22535706
16.91436768,50.22561264
16.91504669,50.22572327
16.91644287,50.22608566
16.91738129,50.22619629
16.91791534,50.22616959
16.91839981,50.22612381
16.91888428,50.22607422
16.91936874,50.22595596
16.91989708,50.22605133
16.92033577,50.22595596
16.92079163,50.22595596
16.921278,50.22590637
16.92181778,50.22582245
16.92195129,50.22579956
16.92207718,50.22577667
16.92224121,50.22574615
16.9227047,50.22551727
16.92348671,50.22548294
16.92424202,50.22514725
16.9245472,50.22488403
16.92470932,50.2246666
16.92546654,50.22422791
16.92571068,50.22402954
16.92824364,50.22410202
16.93523216,50.22430801
16.94222069,50.22451019
16.94882011,50.22470093
16.94921112,50.22471237
16.95619965,50.22491455
16.95605469,50.22711563
16.95590019,50.22941971
16.95560265,50.23392105
16.95538521,50.23719025
16.95530319,50.23842621
16.95945358,50.23854446
16.96229744,50.23862839
16.96227837,50.23888779
16.96199799,50.24312973
16.96899033,50.24333191
16.97392464,50.24347305
16.97399139,50.24347687
16.97457123,50.24367142
16.97465897,50.24423981
16.97508621,50.24437714
16.97549438,50.2445488
16.97592163,50.24481583
16.97627258,50.24485779
16.97681618,50.24479294
16.97719193,50.24464417
16.97768402,50.24432755
16.9778595,50.2438736
16.97824287,50.24343109
16.97855186,50.24339294
16.97873497,50.24320602
16.97933388,50.24289322
16.97969627,50.24259186
16.98005676,50.24215317
16.98019028,50.24189377
16.98036194,50.24163818
16.98006439,50.24117279
16.98054123,50.2406044
16.98072052,50.24027634
16.98067284,50.2398262
16.98085022,50.23957062
16.98087311,50.23918152
16.9807682,50.23895264
16.98086548,50.23867416
16.98083878,50.2383461
16.98100471,50.23813248
16.98110962,50.23759079
16.9810009,50.23709869
16.98096848,50.23681259
16.98060608,50.23611069
16.98060799,50.23604965
16.98061752,50.23580933
16.98095894,50.23548889
16.98153687,50.23466873
16.98356438,50.23472595
16.98369217,50.23277283
16.98419762,50.23268509
16.98461533,50.23246002
16.98541451,50.23216248
16.98614311,50.23178482
16.98658943,50.23126984
16.98692513,50.23080444
16.98703384,50.23065567
16.98743439,50.23020935
16.98785019,50.22981644
16.98831749,50.22955704
16.98863602,50.22927475
16.98875618,50.22899246
16.98928833,50.22872925
16.98967171,50.22862244
16.99017334,50.22845078
16.99053764,50.2282486
16.99119949,50.22771072
16.99188423,50.22710419
16.99222946,50.22681808
16.99264908,50.22628784
16.9927845,50.22608185
16.99287796,50.22560883
16.99329376,50.22515106
16.99329758,50.2244339
16.99322319,50.22420502
16.9932785,50.22401428
16.99381065,50.22370911
16.99412918,50.22327805
16.99411964,50.22294235
16.99425316,50.22237396
16.99432945,50.22164917
16.99436951,50.22092056
16.99453354,50.22060394
16.99480629,50.22023773
16.99499512,50.22010803
16.9951973,50.21961212
16.99559784,50.21918106
16.99592781,50.21819305
16.99618912,50.21783447
16.99661636,50.21753693
16.99671555,50.21705627
16.99672318,50.21701813
16.99686813,50.21665955
16.99696159,50.21660995
16.99768257,50.21622849
16.99801445,50.21606064
16.99854279,50.21588135
16.99889374,50.21585846
16.9996376,50.21600723
17.00081635,50.21617126
17.00166893,50.21631241
17.00239182,50.2163887
17.00301552,50.21656799
17.00419807,50.21678543
17.00490379,50.2170105
17.0051384,50.21721268
17.00582886,50.21728516
17.00595093,50.2173233
17.00640488,50.21746063
17.00669289,50.21743011
17.00719261,50.21749878
17.00756454,50.21783829
17.0083065,50.21792603
17.00864601,50.21783829
17.00930023,50.21796036
17.00963593,50.2179451
17.01012802,50.21807098
17.01054001,50.21817398
17.01080704,50.21829605
17.01150322,50.21863174
17.01202011,50.21878433
17.01260376,50.21893311
17.01301765,50.2190361
17.01348305,50.2191124
17.01388741,50.21911621
17.01451111,50.21925354
17.01477432,50.21943283
17.01509666,50.21964264
17.01534843,50.21971512
17.01585197,50.22029495
17.01612663,50.22080231
17.01641273,50.22111893
17.01640129,50.22148514
17.01683044,50.2220459
17.01696777,50.22214508
17.01733398,50.22240829
17.01800156,50.22319794
17.01840019,50.22336197
17.01883698,50.22386169
17.0189724,50.22401428
17.01926804,50.2241478
17.0191021,50.2267189
17.01881027,50.23122025
17.01851845,50.2357254
17.01152611,50.23552704
17.01123428,50.24002838
17.01110458,50.24202728
17.01082802,50.24245834
17.01066971,50.2427063
17.010746,50.24314499
17.01088333,50.24391556
17.01095581,50.24432373
17.01094246,50.24452972
17.00698662,50.24441528
17.00395012,50.24433136
17.00365639,50.24883652
17.00364685,50.24898148
17.00338936,50.25293732
17.00329018,50.25297928
17.00287437,50.25379562
17.00251579,50.25450516
17.00240326,50.25472641
17.00212669,50.25526428
17.00178146,50.2559433
17.00155258,50.25639725
17.00161171,50.25643539
17.00191689,50.25663757
17.00248146,50.25691223
17.00304794,50.25725937
17.00310326,50.25730896
17.00306892,50.25784302
17.00394058,50.25786591
17.00440979,50.25815964
17.0045433,50.2583847
17.00501823,50.2586937
17.00627327,50.2593689
17.00655365,50.25941467
17.00706863,50.25947189
17.00746155,50.25943756
17.00863075,50.25965881
17.00907707,50.25991821
17.00985146,50.26025391
17.00991631,50.2603035
17.00977135,50.26254272
17.00947762,50.26704788
17.01647377,50.26725769
17.01618004,50.27174759
17.01588821,50.27625275
17.00889015,50.27605438
17.00859642,50.28055573
17.0083046,50.28505707
17.00817108,50.2870903
17.00801086,50.28956223
17.00772095,50.29406357
17.00071716,50.2938652
17.00042343,50.29836655
16.99342537,50.29816818
16.9931469,50.30242157
16.99213028,50.30264282
16.98612976,50.30247116
16.9846077,50.3024292
16.98079491,50.30231857
16.97912788,50.3022728
16.97907066,50.30313492
16.97899628,50.30427933
16.97883606,50.30672455
16.97863197,50.30676651
16.9718132,50.30657196
16.96787071,50.30645752
16.96482849,50.30636978
16.96476555,50.30733109
16.96453094,50.31087494
16.95752907,50.31067276
16.95052719,50.31047058
16.95013237,50.31045914
16.94352531,50.3102684
16.9433403,50.31302643
16.94322586,50.31476974
16.9402771,50.31468582
16.93622208,50.31456757
16.93605232,50.31712723
16.93592262,50.31906891
16.93567657,50.32275391
16.93562126,50.32357025
16.93151855,50.323452
16.92861748,50.32336807
16.92857361,50.32403564
16.92831612,50.32786942
16.92801476,50.33237076
16.92771339,50.33687592
16.92741203,50.34137726
16.92711067,50.3458786
16.92010307,50.34567642
16.9197998,50.35017776
16.91949844,50.35467911
16.91534805,50.35456085
16.91248894,50.35447693
16.91218567,50.35897827
16.9121666,50.3592453
16.9118824,50.36347961
16.91157913,50.36798096
16.91127586,50.37248611
16.9109726,50.37698746
16.91084671,50.37884521
16.91066933,50.3814888
16.91043472,50.38493347
16.91035652,50.38500977
16.9101696,50.38518143
16.91024208,50.38560486
16.91036987,50.38589478
16.91036415,50.38599014
16.90335083,50.38578796
16.90304756,50.39028931
16.90190506,50.39025497
16.90143204,50.39005661
16.90060616,50.38970566
16.90018654,50.38961792
16.89946938,50.38957977
16.89902496,50.38959885
16.89879608,50.38970566
16.89834404,50.39001465
16.89808083,50.39014435
16.89603233,50.39008331
16.89441109,50.39003754
16.88902092,50.38987732
16.88882446,50.39276886
16.88871574,50.39437866
16.88582611,50.39429474
16.88275146,50.39420319
16.88169861,50.39417267
16.88157463,50.39599609
16.88150787,50.39697266
16.88139153,50.39867401
16.87984467,50.39862823
16.8782177,50.39857864
16.8743782,50.3984642
16.87420654,50.40097427
16.87412453,50.40215683
16.87338257,50.40241241
16.8729248,50.40259552
16.87215805,50.40291214
16.87034416,50.40285873
16.86705399,50.40275955
16.86694527,50.4043541
16.8667469,50.40726089
16.86266518,50.40714264
16.85973167,50.4070549
16.85970879,50.40739059
16.85942078,50.41155624
16.85964012,50.41156387
16.86094093,50.41160202
16.8611145,50.41170502
16.86125946,50.41191864
16.8615551,50.41210556
16.86187935,50.41220093
16.86248779,50.41246796
16.86299324,50.41279602
16.86360359,50.41308212
16.8637619,50.41334534
16.8638382,50.41361237
16.86402321,50.41379547
16.86427879,50.41421509
16.86455154,50.41444397
16.86498833,50.41470337
16.86510277,50.41477203
16.86540604,50.41495132
16.86598778,50.41521072
16.8661499,50.41515732
16.86620712,50.41513443
16.86612892,50.4162674
16.86588287,50.41986847
16.86582184,50.42076874
16.86904144,50.42086411
16.86909866,50.42110825
16.86911011,50.42173386
16.86911583,50.4220047
16.86922455,50.42250824
16.86944199,50.42286301
16.86959648,50.42302322
16.86977005,50.42319107
16.87017059,50.42361069
16.87065887,50.42401123
16.87103844,50.42429352
16.87129593,50.42459488
16.87227821,50.42550278
16.87251854,50.42569733
16.8722229,50.42998123
16.87635612,50.4301033
16.87636566,50.43013763
16.87645149,50.43045807
16.87661934,50.4312706
16.87658691,50.43148422
16.87633324,50.43188477
16.87601662,50.4320488
16.87560654,50.43228149
16.87556648,50.43263626
16.87574387,50.43284607
16.87611771,50.43323135
16.87649918,50.43371201
16.87682915,50.43394089
16.87740517,50.43410873
16.87815857,50.43440628
16.87853432,50.43460083
16.87892723,50.43483734
16.8789711,50.43486404
16.87962723,50.43528748
16.88007355,50.43566132
16.88072395,50.43616104
16.88044167,50.43668747
16.8801918,50.43732834
16.88022995,50.43759918
16.88024521,50.43771362
16.8804493,50.43825912
16.88047981,50.43887329
16.88057137,50.43925095
16.88059616,50.43935394
16.88053513,50.44054794
16.88060188,50.44100189
16.88099289,50.4420929
16.88104439,50.442276
16.88112831,50.44239807
16.88117218,50.44244003
16.88157654,50.44268799
16.88201714,50.44290161
16.88220596,50.44296646
16.8823967,50.44300842
16.88256645,50.44307709
16.88284302,50.44332504
16.88310242,50.44348907
16.88315582,50.44347
16.88391113,50.44353485
16.88433266,50.44371033
16.88534546,50.4438591
16.88656616,50.44415665
16.88670921,50.44419098
16.88775635,50.44415283
16.88865662,50.44414139
16.88905525,50.44413376
16.8894558,50.44412231
16.89011955,50.44407272
16.89115334,50.44390488
16.89194679,50.4437561
16.89211845,50.44371414
16.89239883,50.44359207
16.8923645,50.44410706
16.89482498,50.44417953
16.89489174,50.44424057
16.89499855,50.44438553
16.8950882,50.44458771
16.89525414,50.44480896
16.895298,50.44486237
16.89555168,50.44512558
16.89578629,50.44536972
16.8960247,50.44561386
16.89609909,50.44569016
16.8962574,50.44586563
16.89663887,50.44629288
16.8970108,50.44670486
16.89736748,50.44711304
16.89793205,50.44742966
16.8981266,50.44753647
16.89850235,50.44771576
16.9000473,50.44800949
16.90108871,50.44810867
16.90269852,50.44822693
16.9029808,50.44818497
16.90383148,50.44823456
16.90455437,50.44827271
16.90543938,50.44852829
16.90607834,50.44884491
16.90790176,50.44944763
16.90870476,50.44896698
16.90938377,50.4485817
16.91056824,50.44789886
16.91155434,50.4472847
16.91246223,50.44694519
16.91325188,50.44661331
16.91418266,50.44619751
16.91470909,50.44594955
16.91580391,50.44542694
16.91672897,50.44504547
16.91713142,50.44483185
16.91727448,50.44483566
16.92045403,50.44493103
16.92059708,50.44278717
16.92065811,50.44187546
16.92074394,50.44178391
16.92131424,50.44114304
16.92160606,50.4408226
16.92194176,50.44049835
16.9220314,50.44046783
16.92217255,50.44041443
16.92392731,50.43989944
16.92444038,50.4397316
16.92516518,50.43927383
16.92578506,50.43896103
16.92691422,50.4384613
16.9270134,50.43843079
16.92782021,50.43836975
16.92793083,50.43835449
16.92888451,50.43824005
16.92925072,50.43812561
16.92972755,50.4379425
16.93039894,50.43766022
16.93099976,50.43746567
16.93219566,50.43714905
16.93328285,50.43692398
16.93410492,50.43683243
16.93484688,50.43656921
16.93544769,50.43634415
16.93575478,50.43635178
16.94212341,50.4365387
16.94223213,50.43491364
16.94294739,50.43471146
16.94465065,50.43431854
16.94485474,50.43427277
16.94606781,50.43397522
16.94671631,50.43371964
16.94802094,50.43318939
16.94903183,50.43278885
16.94989967,50.43216705
16.95085144,50.4317894
16.95105171,50.43166733
16.95181465,50.43119812
16.95323563,50.43014526
16.95475388,50.42946625
16.9561367,50.42868423
16.95771217,50.42804337
16.95789337,50.4279747
16.96378517,50.42814255
16.96395111,50.42565536
16.96419907,50.42549133
16.96506119,50.42469788
16.96538353,50.42447662
16.96544456,50.42443466
16.9659462,50.42433167
16.96604729,50.42431641
16.96615028,50.42425919
16.96662521,50.42399597
16.96665382,50.42398071
16.96713257,50.42372513
16.96731567,50.42362595
16.96864319,50.42288208
16.96876335,50.42281342
16.96883774,50.42277145
16.96887207,50.4227562
16.96973801,50.42231369
16.9702282,50.42204666
16.97084045,50.42166519
16.97123337,50.42136765
16.9718895,50.42075348
16.97278404,50.41991806
16.97311211,50.419487
16.97352982,50.41867447
16.97401237,50.41775513
16.97450066,50.41785431
16.97604561,50.4182663
16.97706032,50.41848755
16.9779911,50.41867447
16.9793911,50.41903305
16.98030281,50.41923141
16.98189735,50.41957855
16.9821434,50.41964722
16.98248482,50.41973877
16.98337746,50.42008209
16.98418999,50.4204483
16.98498535,50.4208107
16.9860096,50.42127609
16.9870472,50.42181778
16.98832703,50.4224205
16.98947906,50.42295837
16.98989105,50.42313004
16.9902935,50.42335892
16.99174309,50.42402649
16.99307251,50.42462921
16.99425507,50.42522812
16.99535561,50.42573929
16.99589729,50.42604446
16.99604988,50.42614365
16.99651527,50.42647552
16.99683762,50.42671585
16.99697685,50.42682266
16.99751854,50.42717361
16.99829292,50.42774963
16.99904442,50.42743683
17.00017548,50.42695618
17.00114632,50.42653275
17.00234604,50.42615891
17.00342751,50.42575073
17.00395966,50.4254837
17.00497437,50.42507553
17.00615692,50.42448807
17.00717545,50.42382431
17.00783157,50.42325211
17.00839996,50.42268753
17.00887299,50.42217255
17.00933266,50.42176056
17.00947952,50.42167282
17.00974274,50.42133713
17.01048088,50.42061996
17.01057816,50.42051315
17.0106945,50.42045593
17.01089859,50.42035675
17.01123619,50.42009354
17.01161957,50.4198761
17.01241493,50.41937256
17.01317978,50.41885376
17.01352882,50.41858292
17.01366425,50.41856003
17.01435852,50.41879272
17.01581573,50.41954803
17.01665497,50.41991806
17.01703453,50.42015839
17.01737213,50.42049026
17.01762581,50.42065048
17.01777267,50.42074585
17.01807594,50.42102432
17.01834106,50.42141342
17.01893806,50.42154694
17.02002907,50.4216423
17.02111244,50.42156982
17.02257156,50.42137909
17.02355003,50.42132187
17.02410889,50.42144012
17.02427292,50.42147446
17.02431107,50.42142487
17.02466393,50.42093658
17.02510452,50.42023849
17.02556419,50.419487
17.02591324,50.41900635
17.02621841,50.41854858
17.0264225,50.41822815
17.0267067,50.41797638
17.02718353,50.41765976
17.0279274,50.41736603
17.02832222,50.41700363
17.02835464,50.41697311
17.02847862,50.41685867
17.02884102,50.41637039
17.02903938,50.41602707
17.02976227,50.4153862
17.03029823,50.41511536
17.03100777,50.41510773
17.0318203,50.41504669
17.03245926,50.41497421
17.03263283,50.41495132
17.03276443,50.41493225
17.0333271,50.41485214
17.0344696,50.41479874
17.03474426,50.41482162
17.03564644,50.41484833
17.0365181,50.41487122
17.03749657,50.41489792
17.03792,50.41484833
17.03812599,50.4147377
17.03833199,50.4141655
17.03931999,50.41346359
17.04013824,50.41288376
17.04021645,50.41283035
17.04047775,50.41264343
17.04053307,50.41260147
17.04060364,50.41255569
17.04065323,50.41251755
17.04156685,50.41186905
17.04229355,50.41156769
17.04235649,50.4115448
17.0423851,50.41153336
17.04247284,50.41149521
17.04371262,50.41098022
17.04478645,50.41054153
17.04483604,50.41051865
17.04491615,50.41048813
17.04544258,50.41024399
17.0456295,50.41015625
17.04799271,50.40906143
17.04810905,50.40901184
17.04977989,50.40823746
17.05021667,50.40803528
17.0511322,50.40761566
17.05170822,50.40734863
17.05177116,50.40731812
17.05218697,50.40712357
17.05247498,50.40698624
17.0525341,50.40695953
17.05308342,50.40694427
17.05331993,50.40694046
17.05385208,50.4069252
17.05485344,50.40690231
17.05503464,50.40691757
17.05589104,50.4068718
17.05658913,50.40679932
17.05719757,50.40673447
17.0582428,50.40666199
17.05948448,50.40656662
17.06162453,50.40643311
17.06295776,50.40637207
17.0644722,50.40625381
17.06509972,50.40618515
17.06549263,50.4061203
17.06591797,50.40605164
17.06703568,50.40587616
17.06838989,50.4057045
17.06939125,50.40550232
17.07111359,50.40507889
17.07170105,50.40497589
17.07239532,50.40485382
17.07273102,50.4047966
17.07407951,50.40465546
17.07469368,50.40454865
17.07554626,50.40434265
17.07587814,50.40423965
17.07644653,50.40406036
17.07776642,50.4035759
17.07775879,50.40352631
17.07824707,50.40333176
17.07940483,50.40280151
17.0801506,50.40253448
17.08025169,50.40249634
17.08096313,50.40223694
17.08102798,50.40222931
17.0812912,50.40229797
17.08233643,50.40199661
17.0824604,50.40231323
17.08249855,50.40232468
17.08258247,50.40235138
17.08259964,50.40242386
17.08264923,50.40257645
17.08270073,50.4026947
17.08298683,50.4030571
17.08298111,50.40312576
17.08283806,50.4032402
17.08269501,50.40333176
17.08264542,50.40336609
17.08254242,50.40345764
17.08251953,50.40350342
17.08251381,50.40353775
17.08260727,50.40370941
17.08273888,50.40386581
17.08303833,50.40419006
17.08315468,50.40444183
17.08319092,50.40451813
17.08330727,50.40476227
17.08337975,50.40486526
17.08348274,50.40499878
17.08354568,50.40512085
17.08354568,50.40526199
17.08350945,50.40539169
17.08346558,50.40549088
17.08356857,50.40551376
17.08360291,50.40551758
17.08413315,50.40560913
17.08501816,50.40576172
17.08514023,50.40578461
17.08570671,50.40583038
17.08620071,50.40586853
17.0875206,50.40591812
17.0893898,50.40600967
17.09078979,50.4060173
17.09261703,50.40601349
17.09340286,50.40601349
17.09397888,50.40602493
17.09538651,50.40607452
17.09668159,50.40613174
17.09794617,50.40619659
17.09841919,50.40619659
17.09999847,50.40621185
17.10059166,50.40621567
17.1020031,50.40619659
17.10241127,50.40617371
17.10301971,50.40612793
17.1034317,50.40608215
17.10527992,50.40581512
17.10668755,50.40559387
17.10765648,50.40546036
17.10832405,50.40535736
17.10994148,50.40508652
17.11023521,50.40505219
17.1107502,50.40496445
17.11086845,50.40446472
17.11088371,50.40338135
17.11088562,50.40231323
17.11093903,50.40097427
17.11104965,50.39972305
17.11114311,50.39867401
17.11128807,50.39655685
17.1111908,50.39518738
17.11114311,50.3938179
17.11111069,50.3936882
17.11320686,50.39387512
17.1150074,50.3940773
17.1168766,50.39414978
17.11800194,50.39418411
17.11953545,50.39422607
17.12160301,50.39428711
17.12240028,50.39427948
17.12300301,50.3942337
17.12347031,50.39410019
17.12353516,50.39408112
17.12388611,50.39383316
17.12394524,50.39361954
17.12419319,50.39335251
17.12485695,50.39292145
17.12498856,50.39283752
17.12571716,50.39238739
17.12647629,50.39218903
17.12893105,50.39146423
17.12957764,50.39118195
17.13043213,50.39054489
17.13121605,50.38994598
17.13179779,50.38946915
17.1325264,50.38874054
17.13318825,50.38790894
17.1337204,50.38731766
17.13419151,50.38690186
17.1348877,50.3864212
17.13511467,50.38633347
17.13541222,50.38615799
17.13597298,50.38573456
17.1375103,50.38462448
17.13951111,50.38311386
17.14082718,50.38217163
17.14249229,50.38103104
17.14277649,50.38082504
17.14281082,50.38079834
17.14333153,50.38042068
17.14356422,50.38040543
17.14624214,50.38070297
17.14785194,50.38092422
17.14861488,50.38134384
17.1492672,50.38150024
17.15105438,50.38150406
17.15209961,50.38154602
17.1529789,50.38151932
17.15397644,50.38108826
17.1548233,50.38079071
17.15584564,50.38048553
17.15664864,50.38024139
17.15658379,50.38128662
17.15642166,50.38388824
17.16343498,50.38407516
17.16672707,50.3841629
17.16753769,50.38426208
17.16920662,50.3845253
17.17095566,50.38480377
17.17103767,50.38481522
17.17228889,50.38501358
17.17341995,50.38519287
17.17354202,50.38521576
17.17525673,50.38549042
17.17656708,50.38569641
17.17795372,50.38591766
17.17947578,50.38615799
17.18061638,50.3866806
17.18209839,50.38739777
17.1830368,50.38792038
17.18325233,50.388134
17.18337822,50.38838196
17.18373489,50.3890686
17.18387222,50.38973236
17.1838398,50.38981628
17.18391991,50.3898735
17.18404007,50.38995743
17.18408585,50.38994598
17.18427086,50.38991928
17.18441963,50.38989258
17.18523407,50.38977051
17.18548965,50.38973999
17.18566704,50.38971329
17.18649101,50.38961792
17.18777847,50.38949585
17.18853188,50.38942719
17.18928528,50.389328
17.18998528,50.3891983
17.19057274,50.38907242
17.19072723,50.38904572
17.19088554,50.38902664
17.1909523,50.38900375
17.19122887,50.38891983
17.19139671,50.38887787
17.1927433,50.38856888
17.1939373,50.38832855
17.19537163,50.38808823
17.19590187,50.38798523
17.19625092,50.38793182
17.19641685,50.38790512
17.19739151,50.38773727
17.19852829,50.38753891
17.19973564,50.38727188
17.19985771,50.38724136
17.2009182,50.38694382
17.20204926,50.38665009
17.20217514,50.38660812
17.20241547,50.38656235
17.20287704,50.38643646
17.20326805,50.38636017
17.2033844,50.3862915
17.2034626,50.38626099
17.20375824,50.38613129
17.20352364,50.38552475
17.20326805,50.384552
17.20303154,50.38347626
17.20227432,50.38360596
17.2021656,50.38356781
17.20196915,50.38296127
17.20193863,50.38270569
17.20197487,50.38194656
17.2022953,50.38181305
17.20244408,50.38175201
17.20259094,50.38169098
17.20267677,50.38159943
17.20229912,50.38083267
17.20183563,50.37998962
17.20127296,50.37910461
17.20082855,50.37842941
17.20040894,50.37812424
17.20022202,50.37781143
17.20007896,50.37722397
17.19955063,50.37659454
17.19935989,50.37593079
17.19915771,50.37522507
17.19911766,50.37508011
17.19935989,50.373806
17.19950294,50.37305069
17.19952583,50.37292862
17.19958687,50.37260818
17.19965744,50.3722496
17.1996727,50.37190628
17.19970322,50.37128448
17.19972992,50.37073135
17.19975281,50.37023163
17.19978714,50.36955643
17.19984055,50.36857605
17.19984055,50.36852646
17.19987679,50.36781693
17.19994354,50.36761856
17.19996071,50.36756516
17.20036507,50.36635208
17.20039558,50.36626434
17.20071411,50.36530685
17.20103264,50.36435318
17.20114517,50.36401749
17.20272064,50.36315918
17.20323372,50.36284637
17.20371437,50.3625679
17.20485497,50.36202621
17.20600891,50.36152649
17.20717621,50.36109543
17.20742035,50.36089706
17.20773315,50.36053085
17.20799637,50.36039734
17.20887375,50.35997391
17.20954323,50.35972595
17.20988274,50.35954285
17.21085739,50.35890961
17.2116909,50.35841751
17.21227455,50.35799789
17.21305084,50.35754395
17.21289635,50.35710144
17.21277046,50.35662842
17.21306801,50.35628891
17.21365166,50.35582733
17.21400452,50.35561371
17.21447754,50.35518646
17.21516609,50.35445404
17.21588135,50.3537674
17.21599197,50.35366058
17.21602821,50.35362625
17.21627045,50.35339737
17.21678543,50.35269928
17.21769714,50.35154343
17.21827698,50.35083389
17.21842575,50.35072327
17.21855354,50.3506279
17.21887589,50.35038757
17.21902466,50.35027695
17.21910667,50.35022354
17.21959305,50.34996796
17.21991348,50.34976196
17.21998024,50.34972
17.22022247,50.34950256
17.22035599,50.34938049
17.22092628,50.34885406
17.22184372,50.34771729
17.22224998,50.34721375
17.22328377,50.34615326
17.22462654,50.34521484
17.22480392,50.34511185
17.22543716,50.34474182
17.2262764,50.34439468
17.22883606,50.34307098
17.22915077,50.3429451
17.22992897,50.34263229
17.23133087,50.34206772
17.231987,50.34181595
17.23206902,50.34178162
17.23226166,50.3417511
17.23256683,50.34170914
17.23301315,50.34164047
17.23398972,50.34156799
17.23476601,50.34135818
17.23550034,50.34106827
17.23573685,50.34088898
17.23629379,50.34090424
17.2363205,50.34047699
17.2370491,50.34005356
17.23776245,50.33945084
17.23840714,50.33905792
17.23851585,50.33851242
17.23878288,50.33810425
17.23949814,50.33779907
17.24161148,50.33740616
17.24209213,50.33727646
17.24243736,50.33707047
17.2424736,50.33705139
17.24289131,50.33679962
17.24315262,50.33657074
17.24357224,50.33658218
17.24359703,50.33618164
17.24395752,50.33586502
17.24515152,50.3350296
17.2468071,50.33406067
17.24703598,50.33385849
17.24725533,50.33348083
17.24727631,50.33313751
17.24705505,50.33238983
17.24724388,50.33216858
17.24813843,50.33219147
17.25084877,50.33226395
17.25785637,50.33244705
17.25807571,50.32878113
17.25872421,50.32865524
17.25942612,50.32863617
17.25948524,50.32863235
17.26016617,50.3286171
17.26083946,50.32854462
17.26168633,50.32837677
17.26225853,50.32827377
17.26276016,50.32824707
17.26331329,50.32822418
17.26367188,50.32822418
17.26375008,50.32819366
17.26405334,50.3280983
17.26429939,50.32801819
17.26438332,50.32798386
17.26508331,50.32768631
17.2651577,50.32765579
17.26535988,50.32756805
17.2661953,50.32712936
17.26690674,50.32652664
17.26764679,50.32579422
17.26921844,50.32478333
17.2707386,50.32382202
17.27083206,50.32376099
17.27240372,50.32380295
17.27246666,50.32271957
17.27401733,50.32182693
17.27573013,50.32110596
17.27703476,50.3205986
17.2783947,50.32008743
17.27934074,50.31979752
17.27947426,50.31976318
17.28036308,50.31949997
17.28040886,50.31949997
17.28667831,50.31966019
17.2876091,50.31968689
17.29368591,50.31983948
17.29494858,50.31987
17.3006897,50.32001877
17.3030777,50.3200798
17.30345535,50.32014084
17.30462456,50.3202095
17.30769157,50.32029724
17.30948067,50.3202858
17.30980682,50.32025146
17.31155777,50.32029724
17.3127594,50.32048416
17.31362152,50.32100296
17.31446266,50.32143402
17.31605911,50.32215118
17.31760788,50.32280731
17.31904411,50.32338333
17.32042313,50.32387161
17.32144928,50.32434082
17.32148361,50.32435989
17.32245827,50.32490921
17.32277489,50.32509232
17.32351875,50.32552338
17.32433319,50.32581329
17.32532692,50.32613754
17.32576561,50.32624054
17.32579422,50.32627869
17.32600212,50.32631683
17.32618332,50.32637405
17.32632065,50.32646179
17.32651329,50.32649994
17.32664871,50.3265419
17.32673645,50.32664108
17.32686615,50.32667923
17.32706833,50.32683945
17.32779694,50.32709885
17.32867241,50.32717896
17.32977295,50.32725906
17.33088684,50.3272934
17.33097649,50.32722092
17.33109093,50.32722855
17.33232307,50.32731628
17.33341026,50.32741165
17.33506393,50.32747269
17.33653259,50.32752609
17.3384037,50.32752991
17.33952904,50.32755661
17.3419342,50.32772446
17.34366989,50.32782364
17.34601021,50.32807159
17.34756088,50.32819748
17.34866524,50.32835007
17.34922409,50.3271637
17.34957123,50.32641602
17.35002136,50.3254509
17.3500309,50.32534409
17.34952927,50.32463074
17.34972572,50.32126236
17.34271812,50.32108688
17.33997536,50.32101822
17.33966255,50.32001495
17.33944321,50.31929398
17.33942413,50.31923676
17.33904457,50.31801987
17.3388176,50.31729126
17.33860588,50.31661606
17.33859253,50.31658173
17.33846092,50.31615448
17.33839226,50.31592178
17.33822441,50.31538391
17.33808708,50.31494141
17.33794022,50.31446838
17.33792686,50.31442642
17.33771324,50.31372833
17.3375473,50.31317902
17.33750916,50.31306458
17.33802032,50.31301498
17.33882523,50.31296158
17.340065,50.31243896
17.34075546,50.31224823
17.34151268,50.31203842
17.34323883,50.31208038
17.3449173,50.31212234
17.34532928,50.3122673
17.34579277,50.31219482
17.34609795,50.31215286
17.35024261,50.31225586
17.35032272,50.31087494
17.35061073,50.31072998
17.35121918,50.31020355
17.35133553,50.30979538
17.35162735,50.30962753
17.35190964,50.30937576
17.35236168,50.30906677
17.35270119,50.30863571
17.35368156,50.30804443
17.35357857,50.30782318
17.35349464,50.30743027
17.35346794,50.3073349
17.35334206,50.30695343
17.35330009,50.30681992
17.35320091,50.30680847
17.35295677,50.30680466
17.35234451,50.30673599
17.35196114,50.30665207
17.35146141,50.30651093
17.35135269,50.30642319
17.35138512,50.30628586
17.3515873,50.30565643
17.35156822,50.30506897
17.35130119,50.30445099
17.3511734,50.30348206
17.35100937,50.30289459
17.35080147,50.30258179
17.3504982,50.30212784
17.34941864,50.30154037
17.34897804,50.30119705
17.34861565,50.30091095
17.34787941,50.30026627
17.34738159,50.29974747
17.34684372,50.29912567
17.34641647,50.29862976
17.34634781,50.29854965
17.34598732,50.29783249
17.34616661,50.29722977
17.3461132,50.29660797
17.34607124,50.29589844
17.34575844,50.29523468
17.34537506,50.29460907
17.34526634,50.29419327
17.3450489,50.29380798
17.34495354,50.29298401
17.34471893,50.29217911
17.34471703,50.29129791
17.34506798,50.29050827
17.34537506,50.29013824
17.34606552,50.28981781
17.34662056,50.28941345
17.34720993,50.28899002
17.34727287,50.28861618
17.34819794,50.28743744
17.34762001,50.28712082
17.3469429,50.28697586
17.34660339,50.28691483
17.34559631,50.28640747
17.34474754,50.28602982
17.34383392,50.28565216
17.34290314,50.2853508
17.34198761,50.28502655
17.3418541,50.28498077
17.34097099,50.28468704
17.34012985,50.28436661
17.33920288,50.28403473
17.33907318,50.28398514
17.33875275,50.2838707
17.33838272,50.28373718
17.33788109,50.283535
17.33789253,50.2833252
17.3379612,50.28328705
17.33801842,50.28326416
17.33818817,50.28321457
17.33837891,50.28314972
17.33856773,50.2830658
17.33886528,50.28295517
17.33906746,50.28287888
17.33932877,50.28277206
17.33959007,50.28265762
17.33964348,50.28264236
17.33974648,50.28256226
17.33984375,50.28248978
17.33992577,50.28242493
17.3400116,50.28235245
17.34025574,50.28217316
17.34028625,50.28210449
17.34038162,50.28203964
17.34045792,50.28201675
17.34083557,50.28181839
17.34093857,50.28176117
17.3411274,50.28166199
17.34145164,50.28150558
17.34174156,50.2813797
17.34193802,50.28130722
17.34207344,50.28126526
17.3422966,50.28119659
17.34239578,50.28115845
17.34245491,50.28113556
17.34259033,50.28106689
17.34264374,50.28102875
17.34267044,50.28100586
17.34272766,50.28094482
17.34277725,50.2808876
17.34282112,50.28080368
17.34283638,50.28076553
17.34286308,50.28068924
17.34285355,50.28063202
17.34284782,50.28059006
17.34284019,50.28051758
17.34283066,50.28037262
17.34284401,50.28015518
17.34291458,50.28001022
17.34308624,50.27984238
17.34347153,50.2796402
17.34361649,50.27954865
17.34366226,50.27951431
17.3437252,50.27945709
17.34382439,50.27934265
17.34385109,50.27930832
17.34390831,50.27923203
17.34394264,50.27916336
17.34396362,50.27907181
17.34396362,50.27898026
17.34395409,50.27885818
17.34396362,50.27883148
17.34395218,50.27869797
17.34393311,50.27866745
17.34393311,50.27861023
17.34391975,50.27852631
17.34386826,50.27833939
17.34378815,50.27805328
17.34375191,50.27789307
17.3436451,50.27770233
17.34344482,50.27749252
17.34333801,50.27742004
17.3432579,50.27737427
17.34313393,50.27729416
17.34303284,50.27719879
17.34299088,50.2771492
17.34288979,50.27702332
17.34282875,50.27680588
17.34280777,50.27672958
17.3427639,50.276474
17.34272957,50.27633286
17.34272194,50.27623367
17.34272766,50.27618408
17.34283829,50.27608109
17.34304047,50.2759285
17.34310913,50.27589417
17.343153,50.27580643
17.34317017,50.27560425
17.34316826,50.2753334
17.34316444,50.27500534
17.3432045,50.27486038
17.34322929,50.27479172
17.34323883,50.27475739
17.34325409,50.27472305
17.34333801,50.27460861
17.34351349,50.27451706
17.34376717,50.27441025
17.34391975,50.2743454
17.34405518,50.27431107
17.34419823,50.27430725
17.34441757,50.27423096
17.34455872,50.27415848
17.34468079,50.27406311
17.34475899,50.27396011
17.34479904,50.2738533
17.34480286,50.27375412
17.34481621,50.27359772
17.34481812,50.27349854
17.34475708,50.27339172
17.34471893,50.27321243
17.34472466,50.27307892
17.34469223,50.27299881
17.34468269,50.27295685
17.34465027,50.27281189
17.34462547,50.27258301
17.3446312,50.27248001
17.34464645,50.2722702
17.34469223,50.27193832
17.34474754,50.27169418
17.34479141,50.27156067
17.34485817,50.27144623
17.34498024,50.27114487
17.34504509,50.27106857
17.34510422,50.2709465
17.34511185,50.27087402
17.3451767,50.27074432
17.34522057,50.27065277
17.34529114,50.27060699
17.34535408,50.27054596
17.34538651,50.27049255
17.34541893,50.27038574
17.34547615,50.27017593
17.34553719,50.27000046
17.34561157,50.26987457
17.34575844,50.26958847
17.34580994,50.26945496
17.34601593,50.26915741
17.34610748,50.26899338
17.34617996,50.26879501
17.34621239,50.26858139
17.34619904,50.26839828
17.34614563,50.26819992
17.34613991,50.26815796
17.34612465,50.26803589
17.3461113,50.26797867
17.346138,50.26791
17.34620094,50.26777267
17.34626007,50.26766205
17.34627151,50.26757431
17.34627724,50.26754379
17.34631348,50.26750183
17.34633446,50.26745605
17.34637451,50.2673912
17.34644508,50.26730347
17.34665298,50.26716614
17.34674644,50.26706314
17.34678841,50.26706314
17.35284042,50.26721573
17.35289574,50.26623917
17.35302734,50.26395035
17.35322762,50.2640152
17.35346794,50.26409912
17.35365677,50.26416779
17.3538723,50.26423264
17.35410309,50.26432419
17.35423279,50.26437759
17.35432243,50.26445389
17.35441399,50.264534
17.3545208,50.26460266
17.35477638,50.26467514
17.35485077,50.26469803
17.35496712,50.26472855
17.35515785,50.26475906
17.35525322,50.26477432
17.35535049,50.26478577
17.35541725,50.26478958
17.35553932,50.26477051
17.35579491,50.26473999
17.35593224,50.26473236
17.35602951,50.26474762
17.35616493,50.26477814
17.35622215,50.2647934
17.35657501,50.26489258
17.35664558,50.26491165
17.3567791,50.26496124
17.35682297,50.26499557
17.35694122,50.26503372
17.35704231,50.26507568
17.35712624,50.26510239
17.35729599,50.26515961
17.35741806,50.26521301
17.35762405,50.26525879
17.35791016,50.26528931
17.35803223,50.26529312
17.35814857,50.26529312
17.35845184,50.26525879
17.35873604,50.26523209
17.35884285,50.26522064
17.35914421,50.2651825
17.3596077,50.26514053
17.35997391,50.26502228
17.36000252,50.26501465
17.36034584,50.26482391
17.36056328,50.2646904
17.36083031,50.26452637
17.36091042,50.26448441
17.36111832,50.26440048
17.36134911,50.26432037
17.36146164,50.26428986
17.36169815,50.26423264
17.36173248,50.26422501
17.36184502,50.26427841
17.36253738,50.264328
17.36277199,50.26465607
17.36304283,50.26503754
17.36258698,50.26584244
17.36255455,50.26670837
17.36267662,50.26735306
17.36297607,50.26863861
17.36286545,50.26979828
17.36268997,50.2705307
17.36245728,50.27119446
17.36242676,50.27178955
17.36229324,50.27281952
17.36234474,50.2735405
17.36238861,50.27474594
17.36235428,50.27502823
17.36234665,50.2756958
17.36248779,50.27640152
17.36250496,50.27648163
17.36277771,50.277771
17.36312675,50.27854538
17.36305809,50.27919006
17.36314583,50.27963638
17.36385345,50.2802124
17.36479378,50.28097916
17.36564827,50.28167343
17.36612701,50.28205872
17.36664963,50.28210068
17.36730957,50.28210068
17.36828804,50.28216934
17.36953735,50.28229141
17.37069893,50.28241348
17.37199211,50.28254318
17.37332726,50.28266144
17.37431526,50.28266907
17.37503624,50.28265381
17.37531662,50.28264618
17.37688637,50.28266907
17.3778801,50.28276062
17.37861252,50.28277206
17.38023758,50.28264999
17.38168144,50.28258896
17.3830986,50.28259277
17.38456154,50.28272247
17.38603401,50.28286362
17.38620567,50.28288269
17.38697815,50.28276062
17.38775444,50.2828064
17.38830566,50.28278351
17.38880348,50.28276062
17.38905525,50.28274918
17.38982582,50.28254318
17.39011383,50.28246689
17.39120483,50.28217316
17.39279556,50.28174591
17.39334869,50.28159714
17.39355659,50.28154373
17.39459229,50.28126907
17.39546204,50.28103256
17.39637184,50.28078842
17.39657784,50.2807312
17.39772606,50.28042603
17.39870071,50.28016281
17.39879227,50.28013992
17.39950943,50.27994919
17.39960861,50.27992249
17.40083122,50.27959442
17.40088272,50.27954483
17.40124893,50.27920151
17.40140343,50.27905655
17.40156555,50.27890396
17.40215683,50.27835083
17.40259743,50.27793503
17.40264511,50.27789307
17.40307617,50.27748871
17.40358162,50.27701569
17.40361595,50.27698135
17.40417099,50.27646255
17.40419769,50.27643585
17.40434647,50.27629852
17.40441322,50.27623367
17.40445328,50.27619553
17.40518188,50.2755127
17.4060955,50.27466202
17.40622711,50.27453995
17.4068737,50.2739296
17.40795326,50.27415085
17.40945053,50.2745285
17.41099548,50.27495193
17.41217613,50.27523804
17.41322327,50.27548599
17.41407013,50.27573013
17.41495895,50.27597046
17.41534805,50.2759285
17.41633797,50.27622604
17.41735649,50.27651596
17.41875839,50.27685547
17.41981316,50.27713394
17.42023277,50.27727127
17.42067337,50.27742386
17.42075157,50.27735138
17.4209919,50.27713013
17.42158127,50.2764473
17.42192459,50.27592087
17.42199326,50.27581406
17.42218781,50.27549362
17.42233849,50.27524567
17.42256355,50.27489471
17.42276955,50.27457428
17.42303658,50.27360916
17.42298508,50.27319717
17.42308807,50.27294159
17.42342377,50.27265549
17.42374992,50.27240753
17.42388153,50.27208328
17.42390823,50.27146912
17.42440224,50.27123642
17.42491913,50.27103043
17.424963,50.27068329
17.42538643,50.27042007
17.42590714,50.27005386
17.42638206,50.26958847
17.4268589,50.26926422
17.42725754,50.2689209
17.4281311,50.26825333
17.4284153,50.26777649
17.42859459,50.26743317
17.4290638,50.26660156
17.42934418,50.26613617
17.42954063,50.26580811
17.42983818,50.26530838
17.43000412,50.26502991
17.43032646,50.26451111
17.43049431,50.26424408
17.43078613,50.26374817
17.43095398,50.26346207
17.43101692,50.26335526
17.43118858,50.26305389
17.43085289,50.26259995
17.43051147,50.26214218
17.43014336,50.26169205
17.43009186,50.2616272
17.42963409,50.26134491
17.42948151,50.26101685
17.42899513,50.26049042
17.42834282,50.26000977
17.42801094,50.259655
17.42796326,50.25923538
17.42768478,50.2586441
17.42794609,50.25828552
17.42821312,50.25779724
17.42863464,50.25711441
17.42882729,50.25684357
17.42886353,50.25679779
17.42910194,50.25646973
17.42918205,50.25584412
17.42931557,50.25538254
17.42958832,50.25450897
17.42969322,50.25417709
17.43009186,50.25414658
17.43073082,50.25400162
17.43132019,50.25391769
17.43239021,50.25376511
17.43326378,50.25347519
17.43374634,50.25331116
17.43416595,50.25310898
17.43498039,50.25272369
17.43579865,50.25233459
17.43642426,50.25206757
17.43753242,50.25174713
17.43823433,50.25166321
17.43888664,50.25165176
17.43954849,50.25162125
17.43967056,50.25164032
17.440382,50.25174713
17.44169426,50.25213242
17.44283676,50.2524147
17.44330406,50.25252914
17.44394875,50.25267792
17.4446125,50.25283051
17.44528389,50.25302124
17.4461956,50.25331497
17.4466362,50.25361252
17.4470768,50.25391006
17.44794846,50.2543602
17.44843102,50.2547226
17.4491806,50.25514221
17.45029259,50.25548553
17.45128822,50.25580597
17.45156479,50.25582886
17.45179749,50.25161743
17.44480324,50.25144577
17.43780899,50.25127792
17.43081474,50.25110626
17.42381859,50.2509346
17.42378426,50.25156403
17.42370415,50.25298309
17.42175484,50.25281906
17.41138458,50.24877167
17.40406227,50.24374771
17.40220642,50.24196243
17.39888573,50.23630142
17.39782143,50.23527145
17.39531708,50.23381424
17.38547325,50.2295723
17.37772369,50.22673035
17.37286377,50.2242012
17.36932373,50.22320175
17.35912323,50.22135925
17.34509277,50.21644592
17.34252357,50.21513748
17.33914566,50.21297836
17.3315773,50.20978165
17.32100677,50.20422363
17.31727982,50.20249176
17.30625725,50.19891739
17.29432869,50.19437408
17.29186821,50.19303894
17.28880692,50.19087219
17.28413773,50.18841171
17.27994347,50.18548965
17.27240372,50.18228912
17.26012421,50.17579651
17.25080681,50.17172241
17.24658012,50.16880798
17.24185371,50.16640472
17.23752975,50.16375732
17.23423958,50.16273499
17.2287693,50.16165543
17.22534561,50.16067505
17.22053146,50.15816498
17.2132225,50.15523911
17.21038055,50.15335846
17.20845222,50.15105438
17.20808792,50.14992142
17.20834923,50.14774323
17.20983887,50.14596939
17.21281242,50.14419174
17.21649361,50.14142227
17.22063828,50.1388092
17.22205162,50.13656616
17.22237968,50.13406754
17.22172928,50.13162613
17.22100258,50.1305275
17.21741104,50.12756729
17.21654701,50.12659073
17.2132225,50.12091446
17.21237373,50.11990356
17.20871162,50.11680984
17.20737648,50.11467361
17.20646858,50.11090088
17.20630646,50.10679626
17.20754051,50.09394455
17.20482445,50.08799362
17.20054054,50.08371735
17.19980621,50.08266068
17.19883537,50.08026123
17.1970768,50.0721283
17.19492912,50.06814957
17.19265556,50.06577682
17.18485451,50.05934143
17.17899513,50.05381775
17.17445755,50.05107498
17.17054749,50.04811478
17.16602707,50.04560471
17.15812492,50.03981018
17.15642548,50.03769684
17.15387344,50.03313828
17.14864349,50.02781677
17.14741707,50.0253067
17.14453125,50.01644135
17.14426422,50.01392365
17.14458084,50.01140976
17.1476326,50.00260544
17.1488533,50.00012207
17.15305901,49.9957428
17.1543541,49.99340057
17.15505409,49.99071884
17.15606117,49.98215485
17.15749359,49.97825241
17.15939903,49.97629547
17.166996,49.9716568
17.17020035,49.97070694
17.17533875,49.96963501
17.17854691,49.96841049
17.17969704,49.96760559
17.18136406,49.96575165
17.18245697,49.96382523
17.18298149,49.96176529
17.18259048,49.95969772
17.18166542,49.95773315
17.17938614,49.95489883
17.17055893,49.94948578
17.16504478,49.94713974
17.16190529,49.94540024
17.15921783,49.94320679
17.15730476,49.94053268
17.15606689,49.93601608
17.15568161,49.92334366
17.15533829,49.92020416
17.15454483,49.9171524
17.15305901,49.9143219
17.14170647,49.89951706
17.14017487,49.89667511
17.13939476,49.89360809
17.139328,49.88903046
17.1400013,49.8861618
17.14143372,49.88365555
17.14572906,49.87937546
17.14789963,49.87467575
17.15307808,49.87276459
17.16051483,49.87047958
17.1670742,49.86737442
17.17043686,49.86640167
17.17762947,49.86487961
17.18053436,49.86380768
17.18409157,49.86210251
17.1920948,49.85988998
17.19525337,49.85834122
17.19715118,49.85596848
17.19788551,49.8532486
17.19762039,49.84316254
17.19866753,49.84126663
17.20090294,49.83972168
17.2047863,49.83860779
17.20918083,49.83817291
17.23615074,49.83827209
17.24080086,49.83798981
17.2450428,49.83731461
17.2469101,49.83675766
17.251894,49.83430481
17.25954628,49.8314209
17.27230072,49.82608414
17.27655029,49.82315445
17.28106308,49.82057953
17.28592491,49.81692505
17.29242706,49.81312943
17.29550362,49.81196594
17.29947281,49.81140518
17.30373764,49.81143951
17.30801964,49.81206131
17.31002998,49.81260681
17.32173729,49.81714249
17.32906532,49.82124329
17.33381462,49.82275009
17.33876991,49.82397842
17.34546661,49.82465744
17.35002327,49.82459259
17.35447121,49.82410049
17.3611145,49.82251358
17.36566544,49.82087708
17.37441826,49.81510544
17.38179207,49.80639267
17.38335037,49.80380249
17.38575935,49.79862976
17.38768578,49.79634857
17.38885117,49.79550934
17.4066906,49.78615952
17.41618538,49.78227234
17.42116547,49.77980423
17.42495155,49.77884293
17.43560982,49.77765274
17.43963242,49.77699661
17.44143295,49.7765007
17.44822121,49.77381897
17.45812416,49.77191162
17.46212578,49.77083206
17.47406006,49.76641464
17.47892761,49.76384735
17.48195267,49.76264572
17.48578835,49.76181412
17.4898777,49.76126862
17.49898338,49.76057434
17.50234032,49.76090622
17.50736427,49.76187897
17.51065445,49.76289749
17.51363182,49.76444244
17.51584816,49.76626968
17.51742172,49.76876068
17.53360176,49.77581406
17.53740311,49.77681732
17.54125023,49.77709198
17.54316521,49.77695847
17.54699326,49.77605438
17.55032158,49.77444077
17.55293274,49.77246857
17.55643082,49.76897812
17.56496429,49.76340485
17.56818199,49.76224136
17.57512283,49.76053238
17.58159065,49.75778961
17.58345032,49.75726318
17.58992767,49.75650787
17.59698868,49.75662231
17.60398865,49.75759506
17.61410332,49.76051331
17.6185379,49.76128769
17.62549019,49.76185226
17.63472176,49.76187134
17.63908577,49.7615509
17.64307404,49.76089859
17.6515789,49.75772095
17.66143417,49.75592041
17.66738319,49.75423813
17.67416763,49.75157166
17.67691612,49.75022888
17.67916107,49.74822998
17.67988586,49.74699783
17.68071747,49.74305344
17.68014145,49.7361908
17.68141174,49.72471619
17.68269348,49.71834946
17.68502426,49.71043015
17.6939106,49.70328522
17.69992065,49.6974411
17.70749474,49.69262314
17.71012497,49.69142914
17.71479607,49.69032288
17.71952438,49.68975067
17.73353004,49.69038391
17.73816872,49.69033813
17.74259567,49.69000244
17.7465477,49.6891861
17.75159073,49.68708038
17.75973511,49.68483353
17.76277733,49.68328857
17.7647171,49.68084717
17.76554871,49.67659378
17.76511955,49.67213058
17.76340485,49.66605759
17.7634449,49.66373062
17.76447487,49.66147995
17.76536942,49.66052246
17.7677784,49.65896606
17.77131462,49.65779495
17.78006363,49.65582275
17.78669357,49.65312958
17.79564285,49.65116119
17.80373955,49.64780426
17.81260109,49.64575195
17.82068634,49.64240646
17.82954216,49.64032745
17.83245468,49.63914871
17.83597755,49.63716888
17.84163094,49.6347847
17.84484863,49.63308716
17.84773636,49.63113022
17.85288048,49.62656403
17.85738754,49.6238327
17.86424446,49.61871338
17.86610031,49.6166687
17.86672211,49.61536407
17.86733818,49.61111832
17.86642647,49.60690689
17.86483574,49.60449219
17.86090279,49.60151291
17.8592186,49.59972763
17.85719681,49.59684372
17.85620499,49.59481812
17.85599327,49.59246063
17.85631943,49.59126663
17.85797691,49.58906555
17.86071205,49.58745956
17.86281776,49.58680344
17.86730194,49.58620453
17.8719883,49.5861702
17.87675667,49.58650589
17.88144684,49.58719635
17.88568878,49.58829117
17.8913784,49.59020996
17.89541054,49.59111786
17.89959335,49.59144974
17.90165138,49.5913887
17.90553093,49.59070206
17.90723991,49.58999634
17.90958977,49.58804321
17.91289902,49.58283997
17.91534424,49.58049011
17.91687012,49.57846832
17.91776276,49.57596207
17.91817284,49.57322693
17.91812515,49.56446075
17.91856956,49.55221558
17.91797638,49.54782486
17.91690445,49.54520035
17.91508484,49.54317856
17.90845871,49.53802872
17.89928818,49.53303146
17.89741516,49.532444
17.89317703,49.53178787
17.8885746,49.5316124
17.8838253,49.53181076
17.87685966,49.53285217
17.86545181,49.53627014
17.85882187,49.53718567
17.85582733,49.53712463
17.8531208,49.53644562
17.84884262,49.53413391
17.84604454,49.53302002
17.84218788,49.53226089
17.83365822,49.53128815
17.8296051,49.53060532
17.82642555,49.52956772
17.82279015,49.52793884
17.81459236,49.52573013
17.81148529,49.52424622
17.80937576,49.52181244
17.80820847,49.51745987
17.80805016,49.51269913
17.80850029,49.49768066
17.80802155,49.49108887
17.80719757,49.48791504
17.8039875,49.48082733
17.80052185,49.47547531
17.79797745,49.47261429
17.79364395,49.46979904
17.78979301,49.46678925
17.78530502,49.4641037
17.78113556,49.46038437
17.77786255,49.45806503
17.77159691,49.45330811
17.7682991,49.45121002
17.76044655,49.44764328
17.75561333,49.44507599
17.75373268,49.44449234
17.74949455,49.44379425
17.74489975,49.44355392
17.74015045,49.44367218
17.7354126,49.44419098
17.73103333,49.44521332
17.71898842,49.44968033
17.71305275,49.45326614
17.70758438,49.45583344
17.70451927,49.45758438
17.70179367,49.45956039
17.69772148,49.46323395
17.69516182,49.46467972
17.69213104,49.46564865
17.68751144,49.46648407
17.68424606,49.46645737
17.67967987,49.46554947
17.67539024,49.46387482
17.66884613,49.45825195
17.6656189,49.45630646
17.66189766,49.45486069
17.65825462,49.45430756
17.64621544,49.45470047
17.63967896,49.4545517
17.6356926,49.45376968
17.63393211,49.45293427
17.63266945,49.45184708
17.63152313,49.44940948
17.63148117,49.44816971
17.63226318,49.44578934
17.63400459,49.44391632
17.63806725,49.4411087
17.64552879,49.43373871
17.64785385,49.43019485
17.64894485,49.42686081
17.64890671,49.42464066
17.64826775,49.42321777
17.64723015,49.42191315
17.64433861,49.41964722
17.64069366,49.41781998
17.63664055,49.41658783
17.6269455,49.414711
17.62404251,49.41359329
17.61905861,49.41109467
17.60934448,49.40769196
17.60567093,49.40680313
17.60397911,49.40663528
17.60072708,49.40676117
17.59796333,49.4074707
17.59451675,49.40898514
17.5911541,49.40990829
17.57557106,49.41252136
17.57103539,49.41296768
17.56640053,49.41306305
17.55953979,49.41257858
17.5438118,49.41008759
17.54024315,49.40913391
17.53649712,49.40745926
17.53344917,49.40645599
17.5189476,49.4044075
17.51699829,49.40387726
17.51394844,49.40237045
17.50759888,49.3963089
17.5020771,49.39020157
17.4935379,49.38425064
17.49075127,49.38297272
17.48228264,49.37982559
17.47831917,49.37870026
17.47617912,49.37834549
17.46977043,49.37813568
17.46583557,49.37864685
17.46276855,49.37963486
17.45919991,49.38131332
17.45578957,49.38228226
17.42506409,49.38791656
17.41514969,49.38841629
17.39007568,49.38821411
17.38539505,49.38847351
17.38101387,49.38921356
17.37761879,49.39064026
17.37556267,49.39249039
17.37493896,49.39360809
17.37462807,49.39474487
17.37473297,49.3969841
17.37623596,49.40122223
17.37665558,49.40377808
17.37637329,49.40630722
17.37580872,49.40752792
17.37479973,49.40867996
17.37355423,49.40952682
17.37064743,49.41064072
17.36599731,49.41136169
17.36215591,49.4109993
17.3583889,49.4096756
17.35489273,49.40784836
17.34807014,49.40353775
17.34156418,49.39885712
17.33873558,49.39636612
17.33658409,49.39364243
17.33593369,49.39221573
17.33541679,49.38936996
17.33577728,49.38665771
17.33629036,49.38540268
17.33705711,49.38425446
17.34137344,49.38018417
17.34495163,49.37462997
17.34696579,49.37290192
17.35021782,49.37093353
17.35396767,49.36800385
17.35701752,49.36605835
17.35877228,49.36416245
17.35930443,49.36297607
17.3596096,49.36047363
17.35894585,49.35800934
17.35820007,49.35686874
17.35439491,49.35380936
17.34939957,49.3491745
17.34483147,49.34632874
17.33738708,49.34322357
17.33255005,49.3406868
17.3291893,49.33967972
17.32381058,49.33853149
17.32052231,49.33749008
17.31144333,49.33243561
17.30368805,49.32653046
17.30210686,49.32439423
17.30039215,49.32089996
17.29887581,49.31870651
17.29500008,49.31557465
17.29014206,49.31084442
17.28712082,49.3088913
17.28355026,49.30730438
17.27832413,49.30596924
17.27173042,49.30485153
17.26428413,49.30424881
17.25799751,49.30308533